100017
100019
100034251
100034726
100036521
100036568
100036571
100036572
100037258
100038347
100038358
100038412
100038464
100038571
100038636
100038725
100038730
100038847
100039027
100039078
100039252
100039304
100039571
100039636
100039707
100039731
100039748
100039768
100039781
100039794
100039795
100039826
100039988
100040018
100040049
100040123
100040244
100040298
100040377
100040416
100040671
100040697
100040929
100041012
100041085
100041098
100041106
100041151
100041231
100041273
100041294
100041311
100041478
100041480
100041574
100041585
100041649
100041651
100041677
100041678
100041864
100041874
100041925
100041948
100041958
100042008
100042024
100042049
100042069
100042100
100042149
100042173
100042235
100042335
100042424
100042464
100042498
100042503
100042561
100042740
100042773
100042802
100042856
100042880
100042940
100042948
100042959
100043002
100043027
100043039
100043133
100043172
100043184
100043324
100043348
100043497
100043508
100043571
100043597
100043609
100043670
100043674
100043718
100043755
100043766
100043771
100043813
100043823
100043872
100043876
100043882
100044193
100046095
100047183
100048534
100049161
100049164
100087
100088
100101806
100121
100169
100169865
100169878
100198
100201
100206
100210
100213
100216343
100216532
100216537
100217420
100217426
100217456
100217461
100273
100303738
100306952
100316693
100317
100340
100342
100382
100417829
100434
100465
100470
100502641
100502673
100502698
100502708
100502720
100502766
100502796
100502816
100502825
100502841
100502856
100502861
100502869
100502897
100502987
100503012
100503024
100503041
100503073
100503109
100503157
100503178
100503230
100503309
100503332
100503359
100503361
100503377
100503380
100503394
100503435
100503471
100503562
100503578
100503593
100503618
100503620
100503642
100503659
100503670
100503714
100503724
100503754
100503771
100503816
100503864
100503884
100503907
100503981
100504018
100504040
100504089
100504178
100504187
100504196
100504230
100504399
100504421
100504425
100504452
100504486
100504491
100504519
100504521
100504539
100504549
100504564
100504566
100504573
100504586
100504608
100504611
100504632
100504640
100504654
100504687
100504703
100504712
100504714
100504925
100505050
100515
100526463
100529075
100529082
100532
100561
100628579
100628593
100683
100689
100689703
100705
100710
100732
100737
100763
100855
100861531
100861615
100861652
100861722
100861774
100861787
100861803
100861831
100861853
100861925
100861934
100861940
100861945
100861956
100861986
100862004
100862019
100862031
100862081
100862175
100862183
100862191
100862214
100862257
100972
100978
101100
101122
101187
101197
101202
101240
101358
101401
101437
101471
101476
101489
101497
101540
101543
101565
101604
101612
101631
101700
101706
101772
101831
101835
101883
101943
101985
102075
102141
102162
102182
102209
102247
102278
102294
102323
102339
102414
102448
102545
102607
102626
102632
102644
102657
102693
102774
102791
102857
102866
102920
102941
103012
103098
103136
103149
103161
103172
103199
103213
103236
103266
103268
103284
103425
103466
103468
103511
103534
103537
103554
103573
103583
103655
103694
103710
103724
103729
103733
103737
103742
103743
103784
103806
103850
103889
103963
104009
104027
104079
104082
104103
104111
104112
104130
104156
104174
104175
104215
104252
104263
104271
104303
104318
104348
104394
104401
104416
104444
104445
104479
104625
104709
104718
104721
104732
104776
104806
104816
104831
104836
104859
104943
105000
105014
105148
105203
105239
105245
105348
105351
105372
105377
105387
105404
105439
105440
105445
105504
105513
105663
105722
105732
105734
105782
105785
105787
105833
105835
105841
105844
105859
105988
106021
106042
106068
106073
106143
106200
106326
106338
106344
106369
106393
106504
106512
106529
106564
106572
106581
106583
106628
106633
106639
106722
106740
106766
106795
106821
106869
106877
106878
106894
106931
106957
107045
107047
107065
107071
107094
107182
107197
107227
107239
107242
107260
107271
107305
107328
107338
107351
107358
107373
107392
107435
107448
107449
107476
107503
107513
107515
107527
107568
107586
107607
107656
107684
107701
107702
107723
107732
107733
107746
107747
107771
107817
107869
107885
107895
107932
107951
107975
107986
107995
107999
108000
108013
108015
108017
108058
108062
108067
108077
108079
108083
108086
108096
108097
108100
108112
108121
108148
108151
108153
108156
108176
108645
108654
108655
108664
108671
108673
108679
108682
108686
108687
108689
108705
108737
108760
108767
108802
108829
108837
108841
108897
108899
108902
108903
108907
108911
108912
108927
108937
108946
108954
108958
108961
109006
109032
109042
109050
109054
109065
109095
109108
109113
109129
109136
109145
109151
109154
109161
109163
109169
109181
109202
109212
109218
109229
109232
109242
109246
109264
109270
109284
109294
109305
109332
109333
109342
109346
109552
109637
109672
109676
109700
109711
109754
109785
109815
109880
109901
109934
109979
110033
110075
110078
110095
110109
110119
110135
110147
110157
110172
110173
110175
110196
110197
110208
110257
110265
110308
110310
110323
110351
110355
110379
110385
110391
110446
110454
110460
110521
110542
110596
110639
110784
110809
110816
110821
110829
110891
110895
110920
110935
110954
110962
111175
111241
112407
112418
11303
11305
11306
11307
11308
11350
11352
11363
11364
11370
113868
11409
11416
11421
114249
114255
11428
11429
11430
114304
11433
114332
11443
114479
114565
114584
11461
114641
11465
114654
114713
114714
114716
11472
11477
114774
11482
11486
114863
114868
114874
114893
114896
11512
11518
11520
11534
11535
11538
11539
11549
11553
11555
11564
11566
11567
11569
11593
11600
11603
11606
11607
11610
11622
11630
11632
11636
11639
11640
11641
11647
11651
11652
11656
11666
11668
11669
116701
11671
11676
116810
11682
11684
116848
11685
11687
116870
116873
116891
11690
116914
116939
11702
117109
117149
117160
117167
11722
11732
11735
11739
11744
11746
11747
11757
117592
117600
11767
11769
11772
11773
11778
11781
11785
11790
11792
11793
11797
11798
11799
11800
11803
11804
11815
11820
11821
11830
11835
11837
11838
11839
11841
11844
118445
11845
118451
118453
11846
11852
11854
11856
11858
11861
11863
11864
11865
11867
11877
11881
11886
11898
11906
11911
11920
11931
11933
11936
11941
11946
11947
11949
11950
11951
11957
11958
11964
11966
11972
11975
11977
11980
11983
11988
11989
11990
11991
11993
12005
12006
12013
12014
12017
12021
12023
12028
12034
12036
12039
12040
12041
12042
12043
12048
12050
12053
12055
12068
12095
12111
12124
12125
12144
12151
12153
12166
12167
12168
12175
12176
12177
12189
12190
12192
12193
12211
12223
12224
12227
12231
12235
12238
12259
12261
12265
12266
12268
12283
12295
12297
12304
12305
12306
12310
12316
12319
12321
12322
12325
12328
12331
12336
12337
12343
12351
12359
12361
12362
12364
12367
12380
12385
12388
12389
12390
12393
12394
12396
12398
12400
12402
12406
12409
12411
12412
12419
12424
12428
12442
12447
12448
12450
12453
12455
12457
12461
12462
12464
12465
12466
12469
12483
12488
12491
12495
12505
12509
12512
12514
12516
12517
12520
12530
12531
12532
12534
12537
12539
12540
12544
12550
12554
12558
12561
12567
12575
12576
12577
12578
12580
12581
12606
12607
12609
12611
12613
12615
12631
12632
12633
12638
12642
12648
12649
12659
12660
12662
12663
12669
12671
12675
12683
12696
12700
12702
12703
12704
12705
12709
12716
12722
12724
12725
12728
12737
12739
12740
12753
12764
12767
12778
12795
12798
12799
12807
12808
12815
12819
12821
12825
12831
12833
12837
12839
12840
12841
12842
12843
12846
12847
12848
12856
12858
12859
12861
12864
12866
12868
12876
12890
12892
12894
12896
12905
12908
12912
12914
12925
12927
12928
12934
12952
12955
12959
12962
12971
12972
12974
12977
12982
12985
12988
12990
12991
12992
12993
12994
13000
13003
13006
13007
13010
13014
13017
13026
13030
13032
13033
13034
13036
13040
13043
13046
13047
13052
13056
13057
13078
13113
13116
13121
13132
13135
13138
13139
13143
13163
13170
13171
13175
13178
13180
13184
13194
13196
13197
13200
13202
13204
13205
13207
13211
13214
13244
13340
13350
13358
13360
13361
13367
13382
13385
13393
13394
13401
13405
13409
13418
13419
13423
13427
13429
13430
13433
13436
13447
13478
13480
13482
13483
13491
13495
13496
13498
13506
13508
13511
13521
13537
13542
13544
13548
13549
13555
13557
13559
13589
13595
13601
13605
13607
13608
13611
13614
13626
13627
13629
13631
13636
13638
13640
13641
13642
13643
13645
13649
13650
13653
13655
13660
13661
13663
13664
13681
13682
13684
13688
13690
13706
13709
13711
13714
13716
13722
13726
13730
13731
13804
13813
13823
13824
13830
13836
13838
13842
13845
13846
13849
13850
13855
13860
13866
13867
13870
13871
13875
13877
13924
13972
13982
13990
13992
13998
14000
14007
14011
14012
14026
14027
14030
14042
140474
140481
140482
140483
14049
140500
14057
140570
140579
14062
14063
14065
14066
14067
14070
140703
140721
14073
140740
140743
14077
140780
14081
140810
14082
14083
14085
140858
140859
14086
14087
140917
14104
14107
14109
14113
14119
14123
14132
14133
14137
14148
14155
14156
14158
14159
14163
14164
14168
14170
14171
14178
14182
14183
14186
14194
14200
14201
14211
14218
14219
14221
14225
14227
14229
14231
14233
14235
14236
14239
14245
14248
14252
14256
14257
14262
14264
142682
142688
14270
14272
14275
14276
14281
14282
14283
14287
14296
142980
14299
14300
14302
14312
14313
14319
14325
14345
14357
14359
14362
14365
14366
14367
14368
14369
14376
14380
14381
14385
14388
14390
14391
14415
14421
14423
14431
14450
14455
14456
14457
14461
14466
14467
14469
14489
14528
14536
14538
14539
14544
14547
14555
14569
14570
14583
14590
14595
14598
14609
14618
14619
14620
14621
14623
14628
14651
14660
14661
14663
14667
14670
14672
14673
14676
14678
14679
14681
14686
14688
14694
14696
14700
14701
14704
14705
14711
14714
14718
14723
14724
14725
14731
14732
14733
14735
14739
14745
14748
14751
14755
14756
14758
14773
14775
14776
14778
14783
14784
14786
14787
14789
14790
14793
14797
14815
14824
14825
14827
14828
14841
14854
14860
14862
14866
14870
14871
14884
14886
14904
14910
14913
14917
14924
14933
14950
14955
14957
14958
14962
14963
14977
15001
15006
15007
15013
15015
15024
15039
15040
15051
15077
15078
15108
15122
15159
15162
15170
15184
15185
15191
15194
15199
15200
15204
15205
15212
15220
15239
15247
15251
15254
15257
15258
15267
15273
15277
15289
15312
15353
15354
15356
15357
15360
15361
15365
15366
15368
15370
15374
15375
15382
15384
15387
15388
15439
15451
15458
15460
15461
15463
15468
15469
15473
15476
15478
15481
15483
15484
15490
15500
15507
15516
15525
15529
15530
15547
15562
15568
15574
15586
15587
15893
15894
15903
15931
15936
15939
15944
15975
15980
15982
15983
16000
16001
16004
16005
16007
16011
16068
16145
16150
16155
16156
16168
16169
16170
16174
16178
16179
16181
16185
16188
16190
16195
16201
16202
16206
16210
16319
16323
16324
16330
16337
16341
16348
16351
16362
16363
16367
16372
16373
16391
16396
16398
16400
16402
16412
16413
16418
16419
16423
16430
16432
16439
16440
16443
16452
16453
16456
16468
16469
16475
16480
16498
16499
16508
16510
16511
16516
16518
16535
16538
16542
16543
16549
16551
16558
16560
16562
16563
16565
16570
16571
16572
16579
16580
16582
16588
16590
16591
16592
16598
16600
16601
16646
16648
16649
16650
16651
16656
16658
16664
16666
16667
16668
16669
16679
16691
16706
16763
16765
16768
16770
16772
16774
16775
16779
16784
16785
16790
16792
16796
16798
16800
16801
16803
16819
16825
16828
16832
16835
16840
16848
16854
16855
16866
16878
16880
16881
16886
16890
16891
16897
16904
16905
16906
16907
16909
16911
16912
16913
16917
16918
16922
16923
16939
16949
16952
16956
16969
16970
16971
16974
16975
16978
16987
16992
16993
16995
16997
16998
17002
17005
17022
170439
170442
170459
170460
170483
17060
170658
170676
170677
17068
170706
170720
170721
170722
170728
170731
170737
170748
17075
170750
170753
170756
170758
170759
17076
170760
170768
170770
170791
170826
17083
170833
170835
17089
170938
170942
17096
17101
17105
17112
17113
171167
17117
17118
17119
171210
171212
17122
17123
17125
17126
17127
17128
171282
17131
17133
17134
171388
171429
17149
171504
17153
171531
17156
171567
17161
17164
17165
17168
17169
17175
17178
17184
17187
17189
17190
17193
17196
17207
17210
17217
17222
17237
17240
17242
17246
17250
17252
17254
17256
17261
17268
17274
17279
17289
17295
17300
17304
17308
17311
17313
17319
17330
17341
17342
17344
17345
17354
17355
17356
17357
17388
17391
17423
17428
17434
17436
17449
17470
17476
17480
17523
17524
17535
17537
17681
17685
17688
17698
17713
17714
17721
17722
17725
17748
17755
17756
17758
17765
17766
17775
17826
17829
17850
17855
17858
17864
17865
17869
17872
17873
17886
17904
17910
17912
17918
17925
17929
17932
17936
17937
17938
17939
17948
17957
17966
17967
17969
17970
17975
17979
17991
17992
17995
17997
17999
18000
18003
18004
18005
18007
18010
18015
18018
18019
18020
18023
18025
18028
18029
18030
18033
18034
18035
18036
18037
18045
18053
18073
18074
18080
18082
18103
18104
18105
18108
18114
18115
18120
18121
18128
18129
18132
18133
18140
18141
18143
18145
18146
18148
18150
18163
18174
18176
18186
18187
18188
18191
18193
18194
18195
18196
18203
18207
18208
18209
18220
18226
18242
18247
18260
18263
18293
18294
18295
18300
18301
18378
18383
18391
18392
18393
18405
18406
18412
18414
18415
18426
18430
18432
18439
18440
18442
18451
18453
18457
18458
18472
18475
18476
18479
18481
18484
18514
18515
18516
18518
18519
18521
18542
18546
18552
18553
18554
18555
18559
18563
18569
18570
18572
18578
18583
18584
18585
18590
18591
18599
18600
18602
18604
18605
18611
18612
18618
18624
18626
18627
18631
18632
18633
18634
18637
18641
18643
18645
18648
18655
18667
18679
18693
18700
18703
18704
18705
18707
18708
18709
18711
18715
18716
18717
18719
18720
18739
18744
18746
18747
18749
18750
18753
18755
18760
18763
18764
18767
18772
18777
18783
18786
18787
18789
18792
18793
18795
18796
18797
18798
18799
18805
18806
18810
18817
18824
18826
18828
18829
18845
18846
18854
18938
18950
18951
18969
18971
18972
18973
18983
18984
18986
19009
19011
19012
19013
19014
19017
19035
19039
19041
19042
19046
19047
19052
19053
19054
19056
19060
19069
19072
19073
19075
19079
19084
19085
19087
19091
19094
19106
19108
19111
19116
19123
19125
19126
19128
19130
19134
19141
19142
19144
19155
19156
191578
19158
19164
19165
19171
19172
19177
19182
19183
19184
19186
19192
19201
19204
19205
19207
192113
192120
192156
192157
192160
192166
192169
19217
192170
192176
19219
192191
192193
192196
192197
192199
192212
192216
192236
19224
19227
192292
19230
19231
19240
19242
19244
19246
19247
19248
19250
19253
19261
19262
192652
192653
192654
192657
192662
192663
19267
192678
19268
19270
19271
19272
19273
192734
19275
19280
19281
19285
19289
192897
19291
19294
192976
19298
19300
19302
19303
193116
19317
19324
19329
19330
19334
19335
19336
19339
19340
19344
193452
19346
19347
19348
19353
19358
19359
19360
19361
19362
19365
19366
19367
193670
193736
193742
19376
19377
193813
19383
193838
19401
19411
194126
19414
19415
19416
19417
19419
194227
194231
194401
194655
194952
195018
195040
195434
19647
19650
19651
19653
19656
19659
19664
19671
19672
19679
19684
19687
19696
19697
19698
19704
19707
19712
19713
19716
19724
19725
19729
19730
19732
19733
19734
19735
19739
19744
19752
19763
19791
19799
19819
19821
19822
19826
19870
19877
19878
19883
19889
19891
19895
19896
19899
19921
19933
19934
19941
19942
19943
19944
19951
19982
19988
19989
20005
20014
20016
20021
20024
20042
20044
20054
20055
20068
20084
20085
20088
20090
20091
20102
20103
20104
20111
20115
20116
20129
20130
20133
20135
20163
20166
20168
20174
20181
20182
20184
20193
20194
20195
20196
20197
20204
20208
20209
20210
20218
20222
20224
20226
20227
20229
20230
20238
20239
20249
20250
20259
20266
20271
20273
20276
20277
20278
20284
20286
20296
20306
20310
20311
20312
20315
20317
20318
20319
20321
20322
20324
20333
20335
20336
20338
20344
20348
20352
20353
20354
20359
20361
20362
20363
20364
20365
20377
20384
20390
20394
20397
20399
20402
20410
20411
20419
20420
20422
20437
20440
20441
20442
20443
20446
20447
20448
20460
20463
20467
20475
20479
20480
20481
20482
20496
20500
20501
20509
20510
20511
20512
20514
20515
20517
20519
20520
20522
20524
20528
20529
20531
20532
20534
20537
20539
20540
20544
20558
20564
20585
20588
20589
20595
20597
20602
20603
20608
20610
20613
20615
20619
20620
20621
20630
20637
20639
20641
20643
20649
20650
20652
20655
20660
20661
20662
20665
20677
20679
20683
20687
20688
20692
20698
207165
207182
207212
207214
20725
207278
20729
207304
20732
20733
207352
20740
20741
20742
207425
20743
207474
207495
20750
207521
207565
207592
207596
207615
207667
20768
207686
207740
207742
20775
20778
207785
207798
207806
207818
207819
20787
207952
207958
208043
20807
208076
208084
20810
208104
208111
20813
208144
20815
20817
208177
20818
208194
20821
20822
208228
208263
208266
208292
20832
208439
20844
208440
208449
20845
20846
20847
20848
20850
20851
20852
20853
20855
20856
208618
208624
208628
208638
208643
208647
208650
20866
20868
208715
208718
20873
20874
208768
20877
20878
208795
208836
208846
208869
208898
20892
208922
20897
208982
208994
209027
209039
20907
20908
209086
20909
20910
209131
20918
209195
20922
209225
20924
20926
209318
20932
209334
209354
209357
209416
209446
209456
209462
20947
209478
209488
209497
209558
209588
20962
20963
209645
209683
20969
209692
20970
20972
209737
20975
209760
209815
210009
210027
210029
210035
210105
210106
210126
210135
210146
210148
210172
210274
210293
210297
210529
210530
210582
210710
210719
210766
210789
210801
210808
210973
210992
210998
211006
211007
211255
211329
211347
211378
211389
211401
211429
211480
211499
211548
211550
211556
211586
211651
211770
211922
211945
211948
211978
211986
212073
212111
212114
212123
212163
212168
212285
212307
212326
212377
212391
212398
212439
212442
212503
212514
212531
212539
212547
212555
212632
212647
212706
212733
212862
212880
212898
212933
212943
212980
212986
212998
213006
213053
213054
213056
213068
213109
213119
213171
213208
213211
213236
213326
21333
21335
21336
21338
213389
213391
213393
213417
213452
21346
213484
213491
213499
213522
21353
213539
21355
213550
213556
213573
213575
213603
21366
213696
21372
213781
213783
213819
213827
21385
213948
21399
21400
21402
214058
21406
214063
21408
21411
214112
21413
21414
21415
214150
21418
21420
21422
21423
214230
214253
21427
21428
214290
214345
214359
214425
214459
214469
214505
21452
214523
214531
214547
214552
214579
214585
214593
214627
214639
214663
214669
214685
214763
214764
214791
214812
214854
214855
214895
214897
214899
214917
214932
214944
214968
214987
215001
215008
215015
215113
215114
215193
215201
215210
215257
215280
215351
215384
215418
215436
215445
215449
215474
215476
215493
215494
215615
215705
215723
215748
215789
215798
215819
215821
215866
215951
216001
216011
216049
216080
216134
216152
216154
216157
216177
216188
216197
216225
216274
216292
216344
216350
216363
216438
216440
216443
216445
21652
216543
216565
216578
21664
216643
21665
216705
21672
216725
216742
21676
21678
21679
216792
21682
216820
216821
216831
216835
216848
21685
216856
216858
216859
216860
216869
216877
216961
216963
216965
217012
217030
217038
217039
217057
217069
217082
217109
217124
217127
217154
217169
217218
217219
217232
217258
217265
217294
217310
217316
217325
217333
217337
217340
217342
217344
217351
217353
217356
217364
217378
217379
217410
217431
21745
217463
217473
21749
21752
21753
21754
217558
217578
217615
21763
217648
217653
21766
217664
217682
217692
217695
217700
217705
217708
21771
217716
217721
217732
21780
217830
217835
217837
217866
217869
217882
217887
21789
217935
217944
217946
217995
21802
21803
21808
21809
218100
21812
218138
21814
21815
21816
218194
21821
218210
218214
218215
218236
21824
21825
21826
218294
218333
218335
218341
218343
21835
21838
218397
21843
21844
218442
218454
21847
218476
21848
21849
218490
218503
218518
21853
21854
218543
218544
21855
21856
21858
218581
21859
218613
218629
218630
21872
21873
218756
21877
21881
218811
21885
218865
21887
218885
218914
21892
21894
218952
21897
218973
218975
218977
21898
21899
219024
21906
219072
219103
219105
21912
219132
219134
219148
219158
219181
219189
21923
21927
21928
21929
21933
21934
21943
21945
21950
21954
21955
21960
21961
21969
21973
21974
21981
21982
21983
21985
21987
21990
21991
22003
22019
22022
22025
22029
22030
22034
22035
22036
22041
22042
22051
22057
22059
22070
22083
22094
22099
22110
22113
22121
22122
22129
22130
22137
22145
22151
22156
22158
22169
22171
22172
22183
22184
22185
22187
22190
22196
22200
22210
22213
22221
22222
22224
22230
22232
22235
22245
22247
22256
22259
22260
22269
22270
22272
22273
22276
22284
22286
22288
22317
22320
223227
22323
22325
223255
223267
223272
22329
22330
22337
22340
22341
22343
223435
22344
223453
223455
223499
22350
22354
22359
223593
223648
22365
223658
223664
223665
223669
223690
223691
223693
223697
22370
223701
22371
22373
223739
223753
223754
22377
223770
223773
223774
223775
223776
22378
22379
22380
22381
223827
22384
22385
223864
22388
223881
223921
223922
22393
223970
223978
223989
224008
22401
224020
224022
224023
224024
22404
224045
224088
224093
224105
224109
224111
224129
224132
22417
224171
22418
22419
22422
224250
224273
22433
224344
22436
22437
22439
224432
224530
224585
224598
224617
224624
224648
224674
224697
224727
224794
224807
224833
224902
224903
224907
224912
224938
224997
225049
225055
225115
225160
225164
225182
225207
225215
225283
225288
225289
225339
225358
225363
225372
225432
225523
225651
225659
225724
225791
225845
225849
225870
225875
225876
225887
225888
22589
225896
225898
22590
225908
225929
22596
22598
225995
22601
226026
226040
226041
226043
226090
226101
226122
226123
226139
226144
226154
226162
226245
226251
226255
22628
22629
22630
22631
22632
22634
226351
22640
226407
226409
226419
22642
226422
22643
226432
22644
226442
226470
226499
226517
226539
226541
226548
226551
226562
22658
226591
22666
22668
22673
226747
226751
226757
226777
226778
22678
22682
226823
226844
226849
226861
226866
22687
22688
22689
22695
226970
226976
22698
226982
226999
22704
227059
227095
227099
227102
227120
227157
22718
227195
227197
22722
227326
227327
227331
227333
227334
227377
227394
227399
227446
227449
227485
22750
227522
227525
22754
227545
22757
227612
227619
227624
22763
227634
227638
22764
227648
227656
227671
227674
227682
227695
227696
227697
22770
227721
227731
227738
227746
22775
22776
22778
22779
22781
22782
22785
227867
227885
22791
227929
22793
228005
228012
228026
228033
228071
228136
228140
228355
228356
228359
228366
228410
228413
228432
228482
228536
228543
228545
228550
228576
228607
228608
228662
228677
228715
228730
228765
228770
228790
228801
228807
228836
228839
228852
228858
228859
228869
228875
228880
228889
228961
228983
228993
228998
229003
229004
229211
229317
229473
229474
229504
229512
229517
229524
229541
229542
229543
229584
229588
229593
229603
229613
229658
229665
229675
229697
229706
229707
229722
229725
229731
229782
229841
229877
229905
229906
229933
229937
230073
230088
230099
230101
230125
230126
230145
230162
230233
230234
230257
230259
230279
230376
230405
230484
230500
230576
230582
230594
230596
230603
230648
230657
230661
230678
230696
230700
230709
230737
230738
230751
230752
230757
230761
230766
230770
230775
230777
230779
230784
230793
230801
230806
230810
230815
230837
230848
230861
230866
230936
230967
230972
230996
231002
231003
231004
231050
231051
231070
231086
231128
231130
231151
231207
231214
231225
231238
231327
231329
231380
231386
231413
231452
231507
231510
231602
231630
231642
231655
231659
231668
231670
231712
231713
231717
231769
231801
231807
231830
231841
231858
231861
231868
231872
231876
231912
231915
231946
231986
231991
231997
231999
232023
232035
232086
232087
232156
232157
232174
232210
232223
232227
232286
232288
232314
232334
232339
232341
232371
232431
232441
232566
232664
232670
232748
232784
232811
232816
232853
232855
232878
232906
232910
232943
232944
232969
232970
232983
232984
233011
233033
233056
233057
233058
233064
233103
233107
233115
233168
233208
233276
233280
233315
233332
233406
233410
233489
233552
233571
233575
233637
233724
233726
233733
233765
233789
233802
233824
233826
233833
233865
233877
233887
233895
233899
233902
233904
233908
233913
233977
233979
234094
234214
234258
234353
234358
234366
234371
234384
234395
234396
234407
234413
234463
234515
234577
234663
234664
234683
234686
234695
234724
234725
234729
234733
234736
234797
234839
234847
234852
234854
234857
234875
234878
234889
234915
234967
235036
235041
235044
235048
235050
235072
235134
235169
235293
235315
235323
235339
235386
235406
235431
235439
235441
235442
235461
235469
235493
235542
235559
235574
235584
235587
235599
235606
235611
235623
235626
235633
235661
235674
235682
236266
236285
236539
236573
236643
236727
236749
236792
236794
236848
236899
236900
236920
236930
237073
237082
237211
237221
237256
237336
237353
237387
237400
237422
237459
237542
237611
237625
237716
237761
237775
237823
237860
237877
237886
23789
237898
23790
237911
23794
237940
237943
237988
23801
238021
238024
238037
23806
23807
23808
238123
238252
238257
23827
23830
238317
238323
238330
23834
238386
238455
238505
23854
238555
23856
23857
23871
23872
23874
23877
23880
238803
23881
23885
23887
238871
23897
238988
239027
239029
23908
239096
239102
239122
23917
23921
239217
23922
23924
239319
23938
23939
239393
23942
23945
239463
23947
23950
239510
239552
239554
23956
239570
23960
23961
23964
23966
239667
23970
23971
239719
23972
239739
239759
239833
239839
23986
23988
23989
23994
239985
24000
240025
240028
240034
24004
240041
240047
240057
240064
240067
240087
240120
24014
24015
240168
240185
240216
240261
240263
240283
240327
240328
240396
24045
240505
24051
240514
240518
24055
24056
24057
24058
24059
24060
240613
24064
240641
24066
240665
240667
24067
240672
240675
24068
24069
24070
24071
240725
240726
24074
240752
240756
24082
24083
24084
24086
240880
240894
24108
24117
241226
241274
24128
241289
24131
241311
24135
241490
241525
241576
241612
241627
241639
241694
241877
241915
241944
242022
242122
242125
242126
242274
242291
242362
242409
242418
242425
242466
242474
242481
242484
242521
242553
242557
242667
242687
242705
242721
242747
242785
242894
242960
243219
243272
243300
243312
243328
243362
243369
243371
243372
243382
243510
243547
243725
243834
243842
243846
243897
243900
243905
243906
243963
243983
244059
244144
244152
244189
244216
244373
244418
244556
244631
244654
244666
244668
244672
244698
244721
244871
244886
244891
244895
244954
244962
245007
245020
245049
245128
245174
245269
245297
245386
245450
245469
245522
245532
245595
245638
245666
245671
245688
245827
245841
245847
245860
245877
245944
246103
246104
246154
246179
246196
246198
246221
246228
246277
246691
246703
246728
246747
246782
246788
252870
252966
252972
257632
258394
259279
259302
260299
260302
260305
260409
263406
26357
26365
26366
26367
26370
26371
263764
26377
26380
263803
26381
26382
26386
26394
26395
26397
26398
26400
26401
26403
26404
26405
26406
264064
26408
26413
26415
26416
26417
26419
26420
26427
26429
26431
26432
26433
26434
26440
26442
26443
26447
26451
26456
26457
26465
264895
26549
26554
26557
26558
26559
26562
26563
26564
26568
26569
266614
266632
266692
267019
268281
268291
268301
268373
268395
268396
268417
268445
268449
268451
268465
268469
268470
268534
268564
268670
268697
268739
268741
268749
268752
268759
26878
268780
26885
268880
26889
268902
26893
268930
268932
268933
268936
26894
26897
268970
268973
268977
268980
269003
26901
269023
26903
269037
269060
269061
26909
269094
269113
26912
269120
26914
269152
269180
26919
26921
269233
269252
26926
269261
26932
269336
269338
26934
269344
269346
269356
26936
269389
26939
26940
269400
269401
26942
269423
269424
269470
26949
26951
269514
269536
269582
269587
269593
269608
26961
269610
269615
269633
26965
269682
269695
269700
269702
269704
269713
269717
269823
269831
26987
269878
269941
269951
269952
269959
269994
269997
269999
270058
270066
270076
27008
270091
270110
270118
27015
270166
270201
27029
270328
27041
27049
27050
27053
27054
27055
27056
27058
27059
270624
270672
270685
27078
27081
270906
271377
271457
27176
271844
271887
271981
272009
27205
27207
27219
27223
27224
272322
272347
272359
272396
272551
27260
272636
27273
27275
27277
27279
27280
27360
27361
27362
27364
27366
27367
27368
27370
27373
27374
27375
27376
27377
27386
27387
27392
27398
27399
27401
27402
27403
27406
27407
27410
27413
27418
27419
27428
27528
27632
276829
276905
277250
277333
277414
277463
277692
277854
277939
277973
27801
278097
27878
278795
27886
27965
27966
279706
27973
27984
27999
28000
280047
28006
28015
28028
28030
28036
28040
280408
280411
28075
28077
28080
28081
28105
28106
28109
28113
28126
28135
28146
28169
28193
28200
28254
282619
28295
286942
29809
29811
29812
29813
29815
29816
29817
29820
29856
29857
29858
29864
29870
29871
29873
29875
30045
30046
30049
30057
30058
30794
30795
30805
30878
30928
30933
30934
30935
30940
30944
30945
30946
30948
30956
30957
30960
317758
319153
319158
319160
319161
319179
319181
319182
319185
319186
319187
319189
319190
319195
319197
319262
319263
319269
319278
319317
319370
319387
319448
319468
319478
319481
319482
319520
319530
319554
319581
319583
319586
319587
319601
319613
319618
319622
319636
319638
319653
319655
319660
319670
319675
319701
319710
319742
319748
319757
319767
319801
319817
319822
319839
319845
319859
319876
319880
319899
319929
319930
319934
319955
319974
319998
320007
320011
320051
320080
320119
320129
320163
320165
320172
320187
320189
320206
320213
320225
320226
320253
320271
320302
320309
320312
320333
320351
320376
320394
320398
320404
320405
320415
320473
320487
320495
320506
320508
320528
320534
320557
320571
320586
320595
320609
320633
320655
320683
320714
320717
320718
320727
320782
320795
320806
320825
320842
320844
320845
320871
320878
320910
320940
320947
320951
320977
320982
321022
326618
327655
327762
327768
327826
327900
327987
328035
328092
328110
328133
328186
328287
328309
328329
328365
328370
328399
328424
328440
328451
328489
328561
328572
328580
328783
328825
328949
329003
329015
329064
329065
329152
329165
329217
329252
329260
329278
329502
329559
329562
329584
329659
329679
329731
329735
329739
329777
329828
329851
329908
329910
329919
329934
329941
329954
329977
330010
330064
330119
330122
330171
330189
330192
330256
330260
330319
330361
330401
330474
330503
330599
330657
330671
330695
330836
330938
330959
331026
331063
331374
331401
331474
331623
332175
332221
332579
332937
333605
333639
333654
338351
338360
338366
338367
338372
338535
347722
347740
353156
353169
353170
353190
353211
353282
353310
353342
353499
353502
360013
360216
378462
380614
380629
380664
380684
380714
380836
380850
380912
380916
380924
380930
380959
380969
381062
381066
381085
381110
381157
381201
381217
381232
381259
381293
381305
381306
381310
381318
381334
381337
381356
381404
381406
381410
381438
381510
381511
381560
381605
381626
381628
381633
381644
381650
381668
381694
381695
381801
381820
381835
381845
381903
381925
381979
381990
382019
382034
382036
382038
382051
382090
382117
382137
382207
382252
382253
382406
382423
382639
382793
382823
382985
383080
383103
383491
384009
384061
384071
384281
384309
384783
385354
385658
385668
386454
386612
386649
386655
387314
387524
399510
399566
399609
402757
403187
403205
406218
406220
407243
407785
407786
407819
407821
407823
408022
408028
408064
408066
408068
414108
414111
414758
414801
432466
432467
432502
432508
432530
432572
432725
432731
432745
432768
432798
432940
433022
433182
433297
433375
433466
433634
433693
433745
433752
433771
433809
433855
433864
433874
433904
433926
433931
433944
433968
434050
434156
434175
434178
434232
434233
434341
434460
434484
434693
434782
434858
435145
435684
436022
448850
474156
50490
50492
50496
50497
50500
50505
50523
50527
50529
50709
50722
50753
50754
50755
50760
50767
50768
50769
50770
50771
50772
50773
50778
50780
50781
50782
50784
50785
50789
50794
50797
50798
50799
50849
50850
50874
50875
50880
50883
50887
50905
50907
50909
50917
50926
50927
50933
50934
50935
50996
50997
51789
51791
51792
51793
51796
51797
51798
51799
51810
51812
51813
51869
51875
51902
52014
52020
52033
52036
52055
52065
52076
52118
52123
52150
52184
52187
52202
52206
52245
52276
52323
52331
52335
52357
52392
52397
52398
52430
52432
52440
52468
52469
52521
52530
52538
52552
52563
52570
52575
52585
52588
52589
52592
52609
52615
52633
52635
52637
52639
52653
52662
52665
52666
52679
52686
52690
52696
52705
52710
52712
52808
52815
52829
52830
52840
52846
52850
52857
52858
52898
53310
53314
53315
53318
53319
53322
53324
53325
53328
53330
53334
53380
53381
53421
53422
53599
53602
53605
53608
53610
53611
53618
53619
53621
53624
53625
53627
53761
53817
53860
53869
53871
53881
53883
53890
53893
53945
53951
53970
53972
53978
54006
54120
54122
54123
54126
54127
54128
54130
54131
54132
54135
54138
54139
54141
54153
54161
54170
54196
54197
54198
54200
54208
54214
54217
54219
54324
54325
54326
54342
54352
54354
54357
54366
54367
54369
54371
54373
54375
54380
54383
54384
54392
54393
54394
54396
54397
54405
54409
54411
54420
54446
54447
54451
54473
544741
54484
544963
544971
544998
545007
545091
545156
54525
545261
545291
545370
545428
54561
545622
545700
545847
545864
545975
54601
54604
546049
54607
54608
54610
546134
546144
54615
54616
546166
54624
54630
54633
54635
54636
54644
54646
54648
54650
54651
546663
54670
54672
54673
54683
547023
54710
54712
547150
547166
547176
54721
54723
554327
55934
55935
55942
55946
55947
55948
55949
55950
55951
55960
55961
55963
55978
55979
55980
55981
55983
55984
55987
55988
55990
55991
55992
56016
56030
56036
56040
56041
56045
56046
56048
56068
56070
56072
56077
56078
56086
56089
56095
56149
56150
56174
56175
56177
56190
56195
56196
56198
56199
56200
56207
56209
56212
56215
56217
56218
56222
56228
56229
56233
56278
56282
56289
56291
56295
56297
56298
56306
56307
56309
56312
56316
56323
56324
56325
56330
56332
56334
56336
56338
56347
56349
56351
56353
56354
56356
56357
56358
56360
56364
56367
56369
56375
56376
56378
56380
56381
56384
56386
56392
56398
56401
56403
56404
56405
56407
56409
56417
56419
56421
56426
56427
56428
56431
56434
56436
56437
56441
56444
56447
56449
56454
56458
56459
56460
56463
56468
56469
56473
56484
56486
56489
56491
56494
56501
56503
56508
56515
56516
56520
56522
56524
56526
56527
56532
56550
56613
56642
56692
56697
56698
56699
56702
56707
56708
56715
56717
56722
56726
56736
56737
56738
56741
56743
56745
56749
56753
56758
56774
56786
56790
56808
56809
56838
56844
56847
56869
56873
56876
57028
57080
57170
57230
57260
57261
57266
57278
57279
57294
57295
57296
57312
57314
57315
57317
57330
57342
57344
57354
57357
57376
57377
57390
57423
57431
57432
57434
57436
57438
57441
57442
574428
57443
57444
57738
57741
57742
57746
57752
57753
57773
57776
57783
57784
57808
57810
57813
57816
57837
57875
57890
57895
57913
58172
58175
58176
58180
58185
58186
58187
58193
58200
58202
58203
58206
58210
58220
58233
58235
58242
58244
58245
58246
58251
58520
58799
58800
58801
58804
58859
58875
58909
58996
58998
59001
59003
59005
59007
59008
59010
59013
59014
59015
59016
59020
59021
59024
59027
59030
59032
59035
59038
59041
59042
59043
59044
59045
59046
59048
59050
59052
59054
59057
59083
59092
59125
59126
59288
59290
59310
595136
595139
60363
60364
60365
60411
60425
60440
60441
60455
60510
60525
60527
60530
60532
60533
60594
60595
60596
60599
60611
60613
613254
619547
619605
619973
620235
620419
620678
620695
620966
621119
621156
621312
621603
621699
621837
622320
622976
623078
623169
623174
623453
623474
623661
623672
623688
623781
624083
624662
624759
624784
625054
625098
625175
625249
625253
625342
625409
625421
625631
626055
626175
626534
626848
627049
627110
627214
627317
627371
627585
627828
628161
628308
628705
628746
628813
628898
629480
629959
630499
630579
630836
633188
633640
633979
634650
634720
635702
63828
63953
63955
63959
63985
63986
64008
64009
64010
64051
64074
64075
64095
64136
641376
64138
64143
64144
64213
64291
64292
64296
64297
64339
64383
64435
64436
64453
64540
64602
64652
64657
64658
64659
64660
64704
64707
64833
64933
64934
64945
65019
65020
65079
65099
65105
65106
65111
65116
65221
654432
654467
654803
65961
65962
65963
65969
65970
65972
66043
66044
66046
66048
66050
66052
66054
66056
66058
66059
66067
66069
66072
66074
66075
66077
66082
66083
66085
66087
66089
66091
66102
66105
66108
66109
66111
66114
66116
66119
66120
66121
66126
66129
66131
66132
66140
66142
66143
66146
66148
66151
66152
66154
66155
66162
66164
66165
66166
66190
66191
66193
66196
66200
66205
66208
66212
66218
66220
66225
66226
66230
66234
66235
66237
66245
66249
66251
66253
66256
66259
66260
66262
66264
66268
66270
66271
66272
66274
66277
66278
66279
66286
66290
66292
66293
66296
66306
66307
66309
66311
66313
66314
66317
66320
66323
66329
66330
66335
66343
66352
66356
66357
66362
66365
66369
66371
66377
66379
66383
66384
66385
66390
66395
66404
66409
66412
66416
66423
66427
66431
66432
66435
66440
66442
66443
66445
66447
66448
66454
66459
66460
66468
66475
66480
66481
66483
664862
66488
66489
664903
66493
66495
664994
66500
66505
66506
66508
665113
66513
665137
66514
665155
66522
66526
665270
66530
66531
66536
665386
66540
665402
665413
66548
66549
66556
665562
665574
665596
665622
665649
665689
66569
66570
665700
665775
665825
66586
66587
66591
665928
66593
66595
66597
66602
66603
66607
66612
66614
66616
666170
666173
66622
66624
666259
66626
66627
66631
66634
666348
66641
66642
666448
66645
66646
666468
66658
66660
66661
66663
666642
66667
666693
666706
666737
66676
66679
66680
66681
66682
666890
666899
66690
66691
666918
66694
66700
66701
667034
667035
667090
66711
667118
66714
667148
66717
66724
667250
667277
66730
66734
66736
667422
667510
667518
66752
66753
667537
66756
66757
667597
667686
667728
667739
667768
667792
66790
668041
66805
66810
668108
66813
668158
66816
668166
668171
668173
668212
66822
668225
668303
66836
66838
66839
66840
668409
66841
66844
66847
66848
668501
668504
66853
66854
668572
66859
66861
668661
66867
66868
66869
668706
66871
66873
66874
66880
66881
66882
668829
66884
66885
66887
66889
668896
66890
66892
668923
668936
66895
66897
66898
66902
66904
66911
66912
66913
66914
66915
66916
66921
66922
66926
66929
66931
66934
66938
66939
669393
66943
66945
66948
66950
66953
66958
66960
66962
66964
66965
66966
66967
66968
66975
66977
66978
66979
66980
66989
66993
66998
66999
67003
67005
67006
67009
67011
67013
67015
67019
670198
67023
67025
67026
67035
67039
67041
67044
67045
67046
67048
67050
67053
67054
67057
67063
67064
67072
67075
67078
67080
67092
67095
67097
670994
67102
67103
67109
67111
67115
67116
67118
67120
67121
67122
67123
67125
67126
67128
67139
67141
67149
67153
67154
67160
67161
67163
671650
67168
67169
67171
67179
67180
67184
67186
67187
671878
67196
67203
67205
67210
67211
67213
67216
67217
67222
67223
67225
67230
67231
67236
67238
67241
67242
67245
672511
67255
67263
67264
67267
67268
67269
67272
67276
67278
67280
67281
67285
67288
67290
67291
67292
67298
67299
67300
67302
67311
673151
67333
67337
67345
67367
67369
67379
67384
67388
67389
67392
67398
67399
67416
67417
67420
67425
67426
67427
67429
67432
67433
67437
67442
67448
67451
67452
67453
67454
67455
67456
67457
67458
67460
67463
67464
67466
67467
67468
67469
67471
67472
67474
67475
67477
67486
67487
67488
67489
67490
67492
67495
67500
67501
67509
67510
67511
67512
67513
67525
67528
67529
67530
675363
67538
67542
67544
67547
67549
67554
67556
67561
67564
67568
67579
67586
67590
675921
67602
67603
67615
67618
67619
67621
67629
67630
67636
67647
676527
67655
67664
67665
67666
67675
67676
67680
67681
67684
67685
67689
67693
67695
67698
677010
67702
67703
67704
67705
67707
67708
67710
67711
67712
67713
67719
67731
67738
67753
67759
67763
67767
67771
67772
67774
67776
67784
67785
67788
67792
67797
67801
67803
67808
67811
67812
67815
67819
67830
67832
67834
67838
67839
67840
67841
67843
67844
67845
67846
67848
67849
67851
67855
67861
67862
67863
67866
67867
67869
67870
67874
67876
67880
67883
67884
67886
67887
67889
67890
67891
67894
67897
67900
67902
67912
67914
67916
67917
67920
67922
67933
67936
67938
67939
67941
67943
67949
67951
67952
67955
67963
67966
67967
67972
67973
67976
67979
67980
67991
67993
67994
67998
68002
68011
68014
68021
68023
68024
68026
68028
68032
68033
68034
68035
68038
68039
68040
68041
68043
68044
68045
68047
68048
68050
68059
68070
68073
68077
68082
68083
68087
68089
68090
68094
68099
68106
68107
68108
68112
68115
68117
68118
68119
68126
68133
68135
68137
68142
68145
68146
68147
68149
68151
68152
68159
68165
68166
68170
68171
68178
68180
68183
68190
68193
68197
68198
68202
68205
68219
68229
68241
68251
68255
68262
68263
68267
68268
68273
68275
68277
68278
68285
68291
68292
68294
68298
68303
68312
68316
68323
68337
68342
68347
68349
68350
68355
68366
68385
68393
68395
68396
68401
68421
68427
68428
68436
68449
68453
68463
68465
68472
68477
68479
68480
68481
68490
68497
68499
68501
68505
68510
68519
68520
68524
68525
68539
68545
68549
68559
68563
68564
68567
68572
68576
68581
68585
68588
68591
68592
68597
68603
68606
68611
68612
68628
68631
68634
68653
68659
68671
68675
68682
68695
68703
68724
68725
68728
68730
68732
68734
68738
68742
68743
68750
68755
68758
68763
68767
68770
68774
68775
68776
68778
68794
68796
68801
68815
68816
68833
68837
68839
68852
68859
68865
68867
68875
68876
68877
68891
68904
68910
68911
68926
68927
68938
68942
68949
68953
68955
68957
68961
68968
68970
68977
68979
68981
68982
68992
69008
69019
69028
69029
69038
69046
69047
69048
69051
69053
69064
69068
69071
69076
69077
69080
69082
69090
69091
69109
69113
69116
69121
69125
69126
69131
69137
69151
69159
69161
69162
69163
69170
69171
69178
69179
69181
69185
69186
69202
69207
69216
69219
69221
69225
69227
69228
69232
69237
69241
69256
69257
69259
69274
69276
69277
69291
69367
69387
69398
69428
69430
69440
69441
69459
69470
69478
69480
69482
69487
69527
69534
69536
69538
69539
69540
69544
69546
69547
69550
69551
69553
69554
69562
69573
69582
69587
69590
69592
69596
69597
69605
69612
69617
69631
69632
69639
69640
69654
69662
69666
69672
69675
69681
69684
69692
69698
69706
69709
69710
69716
69717
69721
69726
69727
69736
69742
69743
69749
69770
69771
69780
69804
69806
69807
69812
69815
69823
69834
69837
69847
69864
69875
69876
69882
69885
69890
69895
69906
69917
69918
69920
69926
69930
69941
69956
69981
70008
70024
70028
70031
70045
70059
70081
70082
70083
70088
70093
70097
70099
70101
70103
70110
70122
70127
70129
70152
70153
70155
70207
70218
70225
70231
70237
70239
70240
70247
70257
70281
70285
70296
70297
70310
70312
70316
70333
70335
70348
70349
70351
70354
70355
70356
70358
70361
70369
70375
70377
70381
70382
70383
70385
70397
70405
70415
70419
70420
70422
70423
70425
70427
70428
70435
70451
70456
70461
70466
70470
70472
70478
70494
70495
70503
70510
70536
70544
70549
70552
70560
70561
70564
70572
70573
70575
70579
70584
70591
70604
70605
70620
70625
70646
70652
70661
70675
70676
70681
70683
70686
70699
70701
70713
70729
70747
70750
70762
70790
70797
70799
70804
70807
70808
70821
70823
70827
70829
70834
70835
70846
70885
70897
70925
70928
70930
70945
70999
71007
71041
71063
71082
71085
71106
71116
71132
71147
71148
71151
71169
71177
71198
71207
71228
71296
71302
71306
71310
71330
71340
71345
71375
71389
71409
71436
71448
71452
71458
71461
71474
71508
71514
71517
71520
71522
71529
71538
71566
71567
71583
71584
71591
71599
71601
71602
71640
71643
71667
71673
71675
71679
71687
71690
71699
71701
71702
71706
71709
71710
71715
71722
71724
71729
71735
71740
71750
71751
71753
71765
71767
71769
71774
71778
71780
71785
71795
71801
71803
71804
71820
71832
71834
71837
71843
71844
71853
71856
71865
71872
71874
71876
71878
71881
71883
71887
71889
71891
71893
71900
71902
71908
71909
71910
71911
71913
71918
71920
71924
71927
71929
71932
71939
71941
71946
71954
71955
71956
71957
71960
71962
71963
71972
71978
71982
71984
71988
71990
71991
71994
71998
72007
72012
72016
72018
72027
72029
72033
72039
72042
72043
72047
72049
72055
72056
72058
72061
72065
72068
72075
72080
72090
72091
72098
72102
72106
72112
72119
72121
72123
72124
72128
72136
72144
72145
72147
72149
72151
72162
72169
72170
72171
72175
72181
72183
72190
72193
72195
72201
72205
72224
72238
72244
72265
72269
72275
72281
72284
72289
72297
72309
72315
72320
72323
72333
72341
72344
72349
72355
723792
72386
72388
72391
72404
72415
72425
72429
72433
72434
72446
72461
72462
72465
72477
72479
72480
72500
72503
72507
72508
72512
72515
72518
72522
72535
72542
72549
72554
72565
72568
72578
72584
72587
72590
72611
72614
72621
72640
72649
72650
72656
72662
72668
72669
72672
72685
72701
72709
72722
72726
72736
72745
72747
72749
72759
72772
72778
72787
72795
72807
72823
72825
72843
72844
72852
72900
72930
72935
72938
72962
72972
72978
72981
72993
72999
73016
73024
73061
73067
73068
73078
73086
73095
73102
73132
73137
73162
73166
73167
73172
73178
73212
73225
73229
73233
73242
73246
73251
73274
73284
73316
73327
73338
73349
73379
73385
73390
73419
73430
73469
73473
73490
73516
735265
73598
73617
73635
73649
73652
73683
73689
73692
73710
73712
73713
73723
73728
73736
73738
73744
73750
73804
73826
73827
73828
73830
73833
73834
73836
73845
73847
73873
73895
73945
73951
73998
74007
74011
74012
74013
74015
74016
74026
74030
74032
74035
74039
74043
74044
74048
74051
74052
74053
74055
74081
74091
74092
74094
74102
74104
74105
74106
74108
74114
74117
74120
74122
74123
74127
74132
74133
74136
74137
74140
74143
74147
74149
74152
74153
74155
74158
74159
74165
74178
74182
74185
74189
74190
74192
74194
74198
74200
74201
74202
74203
74204
74205
74206
74213
74239
74244
74246
74251
74252
74253
74254
74255
74256
74257
74268
74277
74302
74309
74315
74316
74318
74320
74325
74330
74343
74347
74349
74352
74356
74365
74370
74375
74376
74377
74383
74386
74388
74392
74407
74412
74413
74424
74427
74430
74440
74442
74450
74451
74453
74476
74478
74479
74492
74493
74498
74513
74522
74533
74548
74549
74552
74556
74559
74562
74568
74570
74585
74601
74610
74616
74617
74637
74645
74665
74684
74694
74716
74718
74732
74747
74754
74761
74763
74769
74772
74775
74777
74781
74838
74840
74841
74843
74868
74919
74953
74998
75019
75079
75135
75141
75146
751556
75172
75209
75210
75212
75216
75219
75221
75234
75284
75292
75316
75317
75320
75339
75406
75410
75416
75420
75424
75425
75430
75454
75516
75533
75541
75560
75564
75590
75593
75605
75614
75620
75623
75627
75660
75668
75678
75686
75690
75691
75698
75705
75710
75735
75739
75744
75747
75758
75761
75767
75782
75785
75788
75796
75805
75812
75826
75841
75860
75869
75871
75894
75901
75906
75913
75914
75956
75957
75965
75985
76007
76014
76044
76055
76072
76073
76088
76108
76113
76123
76130
76131
76132
76137
76187
76192
76199
76205
76233
76238
76246
76251
76257
76260
76261
76263
76267
76273
76281
76293
76299
76308
76338
76355
76367
76375
76380
76406
76408
76411
76416
76422
76429
76432
76438
76441
76448
76453
76459
76464
76467
76479
76482
76491
76498
76499
76500
76508
76509
76510
76524
76527
76551
76560
76563
76566
76574
76577
76582
76642
76650
76686
76687
76688
76709
76719
76747
76763
76775
76788
76793
76799
76800
76804
76808
76809
76826
76832
76846
76877
76884
76889
76892
76895
76899
76905
76916
76917
76927
76932
76938
76952
76954
76959
76967
76969
76976
76983
76987
77006
77011
77015
77031
77032
77034
77035
77038
77044
77048
77056
77057
77065
77087
77090
77097
77113
77116
77117
77134
77219
77264
77305
77407
77411
77422
77446
77462
77519
77532
77552
77559
77569
77574
77578
77579
77582
77583
77591
77595
77596
77605
77613
77622
77626
77644
77669
77683
77697
77700
77771
77777
77782
77794
77805
77809
77810
77853
77855
77862
77877
77889
77914
77929
77938
77940
77945
77951
77963
77975
77976
77987
77996
78038
78070
78076
78102
78177
78232
78246
78248
78263
78286
78287
78294
78308
78309
78321
78323
78330
78334
78339
78372
78373
78388
78394
78405
78428
78455
78521
78523
78586
78593
78610
78618
78653
78656
78658
78670
78689
78697
78718
78733
78748
78752
78755
78757
78772
78783
78787
78795
78798
78808
78809
78825
78829
78830
78833
78834
78878
78889
78891
78892
78894
78896
78903
78908
78912
78913
78920
78921
78926
78937
78938
78943
79044
79059
791284
791290
791300
791378
791407
79202
79233
79235
79362
79456
79464
79554
79555
79560
79565
79566
80280
80281
80283
80285
80287
80290
80292
80294
80517
80708
80718
80748
80750
80751
80752
80794
80797
80838
80859
80876
80877
80879
80880
80883
80886
80888
80889
80890
80898
80904
80912
80914
80976
80981
81500
81535
81601
81630
81702
81703
81877
81879
81898
81909
81910
83395
83396
83408
83409
83429
83431
83435
83486
83490
83492
83493
83554
83672
83675
83679
83701
83704
83771
83797
83813
83814
83815
83921
83924
83925
83945
83946
83961
83964
83965
83997
84004
84035
84092
84095
84113
84585
85308
89867
93672
93674
93679
93681
93684
93685
93687
93691
93692
93694
93696
93708
93730
93734
93736
93737
93742
93747
93757
93760
93762
93765
93834
93836
93841
93871
93960
94040
94043
94044
94088
94089
94091
94092
94179
94180
94181
94190
94192
94212
94218
94220
94242
94245
94246
94249
94279
94315
94346
94353
96935
96957
97031
97064
97112
97114
97130
97159
97212
97484
97487
97761
97775
97820
97827
97863
97884
97961
97998
98053
98170
98258
98267
98363
98366
98386
98388
98396
98402
98403
98415
98417
98432
98488
98711
98732
98733
98736
98758
98828
98845
98878
98910
98952
98999
99010
99011
99035
99100
99138
99151
99152
99167
99334
99371
99375
99382
99412
99439
99526
99571
99586
99633
99650
99683
99696
99712
99887
99982
