100019
100034251
100034361
100034726
100036521
100036568
100036571
100036572
100037258
100037278
100037283
100038359
100038378
100038388
100038398
100038412
100038464
100038537
100038571
100038636
100038668
100038725
100038735
100038847
100038882
100038999
100039027
100039078
100039139
100039179
100039252
100039304
100039571
100039636
100039684
100039707
100039731
100039748
100039781
100039786
100039794
100039795
100039796
100039863
100039864
100039988
100040018
100040044
100040123
100040220
100040244
100040297
100040298
100040377
100040416
100040505
100040543
100040591
100040608
100040654
100040671
100040697
100040929
100040944
100041012
100041085
100041098
100041151
100041194
100041231
100041244
100041311
100041379
100041478
100041490
100041574
100041576
100041585
100041649
100041651
100041655
100041677
100041678
100041797
100041864
100041874
100041925
100041948
100041958
100041965
100042008
100042023
100042024
100042069
100042100
100042149
100042165
100042173
100042235
100042332
100042335
100042415
100042424
100042480
100042498
100042503
100042514
100042561
100042625
100042740
100042773
100042802
100042807
100042856
100042880
100042918
100042940
100042948
100043002
100043027
100043039
100043102
100043147
100043160
100043172
100043184
100043240
100043348
100043497
100043508
100043571
100043597
100043670
100043718
100043755
100043772
100043813
100043823
100043872
100043876
100043882
100043899
100043911
100044509
100045066
100045778
100046579
100047183
100047282
100048534
100049164
100088
100090
100101806
100114901
100123473
100125262
100125263
100163
100169
100169874
100177
100182
100198
100201
100206
100213
100216343
100216532
100216533
100216537
100217420
100217426
100217431
100217437
100217456
100217461
100233175
100233208
100273
100303738
100303744
100306952
100316693
100316903
100317
100336
100340
100380944
100382
100383
100417829
100434
100465
100470
100494
100502641
100502649
100502669
100502673
100502698
100502720
100502736
100502764
100502766
100502816
100502825
100502841
100502854
100502856
100502861
100502869
100502897
100502920
100502987
100503000
100503012
100503024
100503043
100503073
100503085
100503104
100503109
100503157
100503192
100503230
100503265
100503272
100503289
100503307
100503309
100503332
100503334
100503337
100503361
100503377
100503380
100503381
100503437
100503471
100503562
100503578
100503593
100503595
100503605
100503618
100503619
100503642
100503659
100503670
100503676
100503724
100503759
100503764
100503771
100503805
100503810
100503824
100503884
100503907
100503950
100503981
100504018
100504027
100504040
100504051
100504084
100504089
100504114
100504160
100504178
100504187
100504191
100504234
100504287
100504343
100504344
100504360
100504389
100504399
100504401
100504421
100504425
100504452
100504464
100504486
100504491
100504519
100504521
100504564
100504566
100504573
100504586
100504608
100504611
100504632
100504640
100504651
100504663
100504687
100504714
100504721
100505050
100515
100526469
100529077
100529082
100561
100604
100616095
100628579
100628584
100628602
100628626
100683
100705
100710
100732
100763
100764
100855
100861531
100861595
100861601
100861615
100861620
100861649
100861652
100861653
100861696
100861711
100861722
100861766
100861774
100861785
100861787
100861803
100861837
100861853
100861855
100861883
100861887
100861900
100861925
100861940
100861945
100861947
100861953
100861956
100861967
100862004
100862019
100862027
100862031
100862057
100862081
100862094
100862175
100862183
100862191
100862213
100862214
100862257
100862258
100862396
100972
100978
101023
101113
101122
101142
101187
101206
101214
101240
101351
101358
101401
101471
101476
101488
101490
101497
101502
101533
101540
101543
101565
101568
101592
101612
101631
101700
101706
101739
101772
101809
101861
101867
101883
101943
101966
101985
101994
102032
102075
102093
102115
102132
102141
102162
102182
102247
102278
102294
102323
102334
102339
102371
102414
102436
102448
102462
102502
102545
102566
102580
102595
102607
102623
102626
102632
102644
102657
102693
102747
102774
102857
102866
102920
102941
103012
103080
103098
103135
103140
103149
103161
103172
103199
103213
103220
103266
103284
103406
103425
103466
103511
103534
103551
103554
103583
103655
103677
103694
103710
103711
103724
103733
103737
103742
103768
103784
103806
103841
103850
103889
103963
103967
104001
104009
104027
104079
104082
104099
104103
104110
104111
104112
104130
104156
104174
104184
104215
104252
104263
104271
104303
104318
104346
104348
104367
104394
104401
104416
104418
104444
104445
104457
104458
104479
104582
104601
104625
104681
104709
104718
104721
104725
104732
104776
104806
104816
104831
104836
104859
104871
104884
104923
104943
105005
105014
105083
105148
105193
105203
105239
105245
105283
105298
105348
105351
105352
105372
105387
105404
105439
105445
105446
105450
105501
105504
105513
105518
105663
105722
105727
105732
105734
105782
105785
105787
105827
105833
105835
105841
105844
105853
105855
105859
105975
105988
106021
106025
106042
106052
106064
106068
106073
106143
106200
106205
106248
106264
106298
106326
106338
106344
106369
106489
106504
106512
106529
106564
106572
106581
106582
106583
106628
106633
106639
106672
106707
106722
106740
106759
106795
106821
106869
106878
106894
106931
106947
106957
107045
107065
107071
107094
107221
107239
107242
107260
107271
107272
107305
107338
107350
107358
107373
107375
107392
107435
107448
107449
107476
107508
107513
107515
107522
107527
107528
107566
107568
107569
107581
107586
107589
107607
107650
107652
107686
107701
107702
107723
107732
107733
107746
107747
107753
107771
107815
107869
107885
107895
107932
107939
107951
107975
107986
107995
107999
108012
108013
108015
108052
108058
108067
108075
108078
108079
108083
108086
108089
108096
108097
108098
108100
108115
108116
108121
108124
108147
108148
108150
108153
108155
108160
108176
108645
108653
108654
108655
108657
108660
108664
108672
108679
108682
108686
108687
108689
108699
108705
108707
108735
108760
108797
108800
108802
108829
108837
108841
108888
108897
108899
108902
108903
108907
108909
108912
108934
108937
108946
108954
108961
109006
109032
109042
109075
109082
109095
109108
109115
109129
109136
109145
109154
109161
109181
109218
109229
109232
109246
109263
109264
109270
109284
109305
109331
109342
109346
109552
109620
109624
109637
109648
109652
109672
109689
109700
109711
109731
109754
109785
109801
109815
109880
109900
109910
109934
109978
110006
110033
110075
110078
110084
110095
110109
110119
110135
110172
110173
110175
110196
110197
110198
110208
110213
110253
110257
110265
110279
110308
110310
110323
110350
110351
110355
110379
110385
110391
110417
110446
110460
110521
110532
110542
110557
110595
110596
110611
110639
110751
110784
110816
110821
110829
110842
110877
110891
110895
110911
110920
110935
110959
110960
110962
111175
111241
112405
112406
112418
112422
11303
11305
11306
11307
11350
11363
114128
114143
11416
11418
11421
11423
114255
11426
11428
11429
114301
114304
11433
114332
11443
114565
114584
114585
11459
114604
114606
11461
114615
114641
114643
114644
11465
114663
114664
114676
11468
114713
114715
11472
114741
11475
11477
114774
11479
11482
11486
114863
114868
11487
114874
11488
114893
114896
11490
11502
11504
11512
11515
11518
11520
11522
11529
11534
11535
11538
11539
11545
11546
11549
11555
11565
11566
11567
11568
11569
11596
11600
11603
11607
11610
11622
11629
11630
11636
11637
11639
11640
11641
11647
11651
11652
11658
11666
11668
11669
11670
116701
11671
116733
116748
11676
116810
11682
116838
11684
116847
116848
11685
11687
116870
116871
116873
11688
116891
11690
116914
11692
116972
11702
117109
117149
117160
117167
11717
11722
11732
11735
11736
11737
11740
11745
11746
11747
11749
11752
11757
117591
117599
117606
11761
11764
11765
11767
11768
11769
11770
11772
11773
11774
11776
11777
11778
11781
11782
11785
11787
11790
11792
11793
11797
11799
11800
11803
11804
11810
11812
11815
11816
11819
11820
11821
11826
11830
11834
11835
11837
11838
11839
11840
11842
11843
11844
118445
11845
118451
118453
11846
11852
11853
11854
11856
11857
11861
11863
11864
11865
11867
11875
11877
11881
11886
11891
11898
11906
11910
11911
11920
11931
11936
11938
11941
11946
11947
11949
11950
11951
11957
11958
11964
11972
11973
11974
11975
11977
11979
11980
11981
11982
11983
11988
11990
11991
11993
12005
12006
12013
12014
12015
12017
12018
12023
12028
12033
12036
12039
12040
12041
12043
12048
12050
12051
12053
12055
12062
12064
12068
12069
12070
12091
12095
121022
12121
12122
12124
12125
12144
12151
12153
12156
12159
12161
12164
12167
12168
12169
12173
12175
12176
12177
12181
12189
12193
12211
12212
12215
12223
12224
12228
12231
12234
12235
12237
12238
12257
12258
12259
12266
12268
12279
12288
12295
12297
12304
12305
12306
12309
12313
12317
12319
12321
12322
12328
12330
12331
12332
12333
12336
12337
12340
12345
12349
12351
12353
12361
12364
12366
12367
12368
12369
12371
12380
12385
12387
12388
12389
12390
12393
12394
12398
12400
12402
12406
12409
12411
12412
12416
12419
12424
12428
12442
12445
12447
12450
12453
12454
12457
12460
12461
12462
12464
12466
12469
12475
12476
12479
12484
12488
12490
12491
12492
12494
12495
12496
12497
12499
12501
12505
12512
12514
12516
12517
12518
12520
12521
12527
12530
12531
12532
12534
12537
12539
12540
12549
12550
12552
12554
12557
12562
12567
12569
12572
12576
12580
12581
12583
12585
12587
12589
12593
12606
12607
12609
12611
12613
12614
12615
12616
12617
12626
12628
12631
12632
12643
12648
12649
12654
12660
12661
12663
12669
12675
12683
12696
12700
12703
12704
12705
12722
12724
12725
12728
12737
12738
12739
12740
12750
12752
12753
12757
12759
12763
12764
12767
12778
12793
12794
12795
12797
12798
12799
12801
12804
12807
12814
12815
12816
12821
12825
12826
12827
12830
12831
12835
12837
12839
12840
12841
12842
12843
12846
12847
12848
12850
12857
12858
12859
12861
12864
12866
12868
12870
12876
12890
12892
12894
12896
12904
12908
12912
12913
12914
12915
12925
12929
12934
12945
12946
12952
12953
12954
12955
12959
12962
12971
12972
12974
12977
12982
12983
12984
12985
12990
12991
12992
12993
12994
13000
13002
13003
13007
13010
13014
13017
13019
13025
13030
13032
13033
13034
13036
13039
13040
13041
13043
13047
13052
13056
13058
13063
13078
13081
13110
13116
13120
13121
13132
13134
13135
13138
13143
13144
13163
13167
13171
13175
13178
13179
13180
13196
13197
13200
13202
13204
13207
13211
13214
13244
13340
13347
13349
13350
13353
13356
13358
13360
13367
13368
13371
13380
13382
13385
13386
13393
13395
13400
13401
13405
13406
13411
13418
13419
13423
13424
13427
13429
13430
13433
13447
13448
13476
13478
13480
13481
13482
13483
13491
13495
13498
13506
13508
13511
13521
13527
13528
13537
13542
13544
13548
13549
13555
13557
13559
13560
13589
13591
13593
13595
13601
13602
13603
13605
13607
13608
13609
13611
13614
13617
13619
13626
13627
13629
13631
13636
13639
13640
13641
13642
13643
13645
13649
13650
13654
13655
13656
13663
13666
13667
13681
13682
13684
13685
13688
13706
13709
13710
13711
13712
13713
13714
13716
13723
13726
13730
13731
13800
13803
13804
13805
13806
13807
13808
13813
13819
13821
13822
13824
13829
13830
13831
13835
13836
13838
13841
13842
13845
13846
13848
13849
13852
13853
13854
13858
13860
13866
13867
13870
13875
13876
13877
13924
13972
13982
13992
13998
14000
14004
14007
14009
14011
14012
14013
14027
14030
14038
14042
14043
140474
140481
140482
140483
14049
140500
14057
140571
140577
140580
14061
14062
14063
140630
14065
14066
14067
140703
140721
140740
140742
140743
14077
140780
14081
140810
14083
14084
14085
140858
140859
14086
140917
14102
14104
14105
14107
14109
14113
14114
14115
14118
14119
14123
14133
14137
14148
14151
14154
14155
14156
14158
14159
14163
14164
14168
14171
14172
14181
14182
14183
14184
14186
14187
14191
14194
14199
14200
14201
14208
14211
14218
14219
14225
14226
14227
14229
14230
14231
14233
14234
14245
14247
14248
14251
14252
14254
14256
14261
14262
14264
14265
14268
142682
142688
14269
14270
14272
14275
14276
14282
14283
14284
142980
14299
14302
14312
14313
14319
14325
14345
14348
14356
14357
14359
14360
14362
14365
14366
14368
14369
14376
14380
14381
14387
14388
14391
14415
14420
14421
14423
14426
14430
14431
14450
14455
14456
14457
14465
14466
14467
14468
14469
14470
14479
14489
14528
14537
14538
14539
14544
14547
14555
14563
14567
14569
14570
14571
14579
14580
14583
14584
14586
14587
14590
14593
14594
14595
14598
14600
14605
14609
14612
14615
14618
14619
14620
14621
14622
14623
14626
14628
14629
14633
14634
14645
14651
14660
14661
14663
14664
14667
14670
14672
14673
14674
14675
14676
14677
14678
14683
14687
14688
14694
14696
14697
14700
14701
14704
14705
14708
14710
14711
14712
14718
14719
14723
14724
14731
14732
14733
14739
14745
14748
14755
14756
14758
14768
14773
14775
14776
14782
14783
14784
14786
14787
14788
14789
14790
14793
14797
14807
14809
14815
14823
14825
14828
14841
14852
14853
14854
14859
14862
14863
14865
14870
14871
14873
14884
14886
14894
14911
14913
14917
14923
14924
14933
14936
14950
14955
14962
14963
14964
14969
14972
14977
14979
14991
14997
14998
14999
15000
15001
15002
15006
15007
15013
15015
15018
15040
15051
15064
15107
15109
15114
15115
15116
15117
15118
15122
15129
15139
15159
15163
15168
15182
15183
15184
15185
15186
15193
15194
15200
15204
15205
15211
15212
15213
15214
15216
15220
15223
15239
15247
15248
15251
15254
15257
15258
15267
15273
15277
15288
15289
15312
15353
15354
15356
15357
15360
15361
15365
15366
15370
15374
15375
15377
15381
15382
15387
15388
15410
15412
15439
15441
15446
15450
15451
15458
15460
15461
15465
15468
15469
15478
15482
15483
15488
15490
15507
15511
15512
15516
15519
15525
15526
15529
15530
15531
15547
15552
15562
15586
15587
15893
15894
15896
15900
15901
15902
15903
15904
15929
15930
15931
15932
15939
15944
15945
15950
15951
15953
15959
15975
15979
15980
15983
16001
16002
16004
16005
16007
16008
16010
16011
16068
16145
16154
16155
16156
16164
16168
16169
16170
16172
16174
16177
16179
16180
16181
16182
16186
16188
16190
16193
16194
16195
16196
16201
16206
16319
16322
16323
16324
16328
16330
16332
16337
16341
16348
16351
16362
16364
16367
16371
16372
16373
16398
16399
16400
16402
16403
16404
16410
16413
16416
16418
16419
16425
16427
16430
16431
16432
16438
16443
16449
16450
16452
16453
16456
16468
16469
16475
16480
16500
16504
16508
16510
16511
16514
16516
16518
16525
16527
16530
16531
16533
16534
16535
16543
16549
16551
16558
16560
16563
16564
16565
16569
16570
16571
16572
16573
16574
16576
16578
16579
16580
16582
16588
16590
16591
16592
16597
16598
16600
16601
16646
16648
16649
16650
16651
16656
16658
16660
16661
16664
16665
16666
16667
16668
16669
16670
16679
16682
16687
16688
16691
16706
16709
16728
16763
16764
16765
16768
16770
16772
16773
16774
16775
16776
16779
16780
16782
16783
16784
16785
16790
16796
16798
16800
16801
16803
16818
16819
16822
16825
16826
16828
16832
16835
16840
16847
16854
16855
16858
16859
16865
16866
16878
16882
16885
16886
16889
16890
16891
16897
16904
16905
16906
16909
16911
16912
16917
16918
16922
16923
16952
16956
16969
16971
16973
16974
16975
16978
16980
16987
16993
16995
16997
16998
17002
17005
17022
170439
170441
170459
170460
170483
170625
17063
17064
170643
170658
17067
170677
17068
17069
170718
170719
170720
170721
170722
170725
170728
170736
170737
170740
170741
17075
170750
170753
170755
170756
170757
170758
170759
17076
170763
170767
170770
170791
170799
170826
17083
170833
170835
17087
17089
170930
170942
170947
17096
171095
17112
17113
171167
17117
171180
17119
171207
17121
171210
171212
17122
17123
17125
17126
17128
171281
171282
171283
171284
17129
17130
17131
17132
17134
171388
171463
171486
17149
171504
171508
17151
17152
17153
171530
171531
17155
17156
17158
171580
17160
17161
17164
17169
17174
17178
17179
17183
17184
17187
17189
17190
17192
17193
17196
17207
17210
17217
17237
17240
17242
17246
17250
17252
17254
17257
17259
17268
17274
17279
17289
17294
17295
17300
17304
17308
17309
17311
17313
17318
17319
17329
17330
17341
17342
17345
17346
17347
17349
17350
17355
17356
17380
17385
17387
17388
17389
17392
17395
17423
17427
17428
17434
17436
17448
17449
17463
17470
17475
17476
17480
17523
17524
17527
17532
17535
17537
17681
17684
17685
17687
17690
17692
17698
17702
17705
17706
17708
17709
17710
17711
17714
17716
17717
17718
17719
17720
17721
17722
17724
17725
17748
17750
17756
17761
17763
17764
17765
17769
17772
17775
17777
17826
17827
17829
17850
17855
17863
17864
17865
17872
17873
17874
17880
17884
17886
17896
17904
17907
17909
17910
17912
17913
17920
17925
17929
17936
17937
17938
17939
17951
17952
17965
17966
17967
17969
17974
17975
17978
17979
17986
17988
17991
17992
17993
17995
17996
17999
18002
18003
18004
18005
18007
18010
18015
18018
18019
18023
18027
18028
18029
18030
18032
18033
18034
18037
18038
18041
18044
18046
18053
18073
18074
18080
18082
18087
18099
18102
18103
18104
18105
18107
18108
18109
18111
18114
18115
18120
18124
18127
18128
18129
18130
18131
18133
18140
18143
18145
18146
18148
18150
18162
18163
18164
18173
18174
18176
18186
18187
18190
18191
18193
18194
18195
18196
18201
18208
18209
18212
18220
18221
18223
18226
18227
18230
18242
18247
18260
18263
18293
18294
18301
18302
18356
18378
18383
18391
18392
18400
18405
18406
18408
18412
18414
18415
18432
18439
18442
18452
18453
18457
18458
18472
18479
18481
18483
18484
18491
18514
18515
18516
18519
18521
18526
18536
18541
18542
18546
18552
18554
18555
18557
18563
18569
18572
18577
18578
18582
18583
18584
18585
18590
18591
18595
18597
18600
18602
18604
18605
18612
18613
18616
18618
18626
18627
18631
18633
18636
18637
18640
18641
18642
18643
18645
18647
18648
18654
18655
18667
18669
18671
18673
18693
18703
18708
18709
18710
18711
18715
18716
18718
18719
18720
18738
18739
18746
18747
18749
18750
18752
18753
18754
18760
18763
18764
18767
18768
18769
18772
18777
18783
18784
18789
18791
18792
18793
18795
18796
18797
18798
18799
18803
18805
18806
18807
18810
18812
18817
18822
18824
18826
18828
18829
18830
18844
18846
18858
18938
18949
18950
18952
18968
18970
18971
18972
18973
18975
18983
18984
18986
18988
18991
19009
19011
19012
19013
19015
19018
19025
19027
19035
19039
19041
19045
19047
19049
19052
19053
19054
19056
19058
19060
19062
19069
19070
19082
19084
19087
19088
19091
19099
19106
19108
19111
19116
19123
19125
19126
19130
19142
19144
19157
191578
19158
19159
19164
19173
19177
19179
19181
19186
19193
19200
19201
19204
19207
19211
192113
19212
192120
192156
19216
192160
192166
192169
19217
192170
192173
192174
192176
192185
192187
19219
192193
192196
192199
192200
19221
192212
192231
192236
19224
19225
19227
192285
19229
192292
19231
19240
19242
19243
19244
19246
19247
19248
19249
19250
19253
19255
19258
19259
19260
19261
19262
19263
19264
192652
192654
192656
192657
192662
192663
19267
192678
19268
19270
19272
19273
192734
19274
19275
19279
19280
19281
19283
19285
19288
192897
19290
19291
19294
192950
19296
192970
192976
19298
192986
19299
19300
19301
19302
19303
19305
19309
19317
19324
19326
19328
19329
19330
19331
19334
19335
19338
193385
19339
19340
19341
19342
19344
193452
19346
19347
19349
19353
19358
19359
19360
19361
19362
19363
19365
19366
19367
193670
193736
193740
19376
19377
193813
19383
193838
19385
19386
19400
19401
19411
194126
19415
19416
19417
19418
19419
194227
194231
194268
194401
194590
194655
194744
195018
195040
195208
195209
195434
195531
195727
19645
19646
19647
19651
19656
19659
19663
19664
19672
19679
19682
19684
19687
19695
19697
19698
19699
19703
19704
19707
19708
19712
19713
19714
19716
19719
19720
19724
19725
19726
19729
19730
19731
19732
19733
19734
19735
19736
19737
19739
19744
19763
19769
19791
19799
19820
19821
19822
19823
19824
19826
19876
19877
19878
19881
19883
19889
19896
19899
19921
19933
19934
19941
19942
19946
19951
19981
19982
19988
19989
20005
20014
20016
20018
20020
20024
20042
20044
20054
20055
20068
20084
20085
20088
20090
20091
20102
20103
20104
20111
20115
20116
20128
20129
20130
20133
20135
20148
20163
20166
20167
20168
20170
20174
20181
20184
20187
20190
20193
20194
20195
20196
20197
20198
20200
20201
20208
20209
20210
20215
20218
20222
20224
20226
20227
20229
20230
20238
20249
20250
20257
20259
20271
20273
20276
20277
20278
20280
20286
20287
20297
20300
20308
20309
20310
20311
20312
20315
20321
20322
20324
20333
20334
20335
20338
20339
20340
20341
20342
20344
20347
20348
20350
20351
20353
20354
20355
20356
20360
20361
20363
20364
20377
20383
20384
20390
20394
20397
20399
20401
20402
20403
20409
20410
20419
20422
20431
20437
20440
20441
20442
20443
20446
20447
20448
20454
20460
20462
20463
20469
20480
20481
20482
20492
20496
20500
20501
20503
20509
20510
20512
20514
20515
20516
20517
20519
20520
20522
20523
20525
20527
20528
20529
20530
20531
20532
20535
20536
20537
20539
20540
20544
20558
20564
20585
20588
20591
20595
20597
20598
20602
20603
20608
20610
20615
20618
20619
20620
20621
20623
20624
20630
20639
20641
20643
20649
20650
20652
20655
20656
20658
20660
20662
20663
20667
20668
20669
20670
20677
20679
20680
20681
20682
20683
20684
20686
20687
20688
20692
20698
20708
20716
207165
207175
207181
20719
207212
207214
20723
20724
20725
207278
20729
20732
207352
207375
20740
20741
207425
20743
20744
20745
20747
207474
207495
20750
207521
20753
207565
207592
207596
20760
207607
207667
20768
207686
207728
207742
20775
20776
207777
20778
20779
207798
207806
207818
207819
20787
20788
207911
207920
207932
207958
208043
20807
208076
208084
208092
20810
208117
20813
208144
208146
20815
208177
20818
208194
208198
208211
20822
20823
20826
208263
208266
208285
208292
20832
20833
20840
20843
208439
208440
208449
20845
20846
20848
20849
20850
20851
208518
20853
20855
20856
208595
208606
208618
208624
208628
208638
208643
208647
208650
208659
20866
20868
208691
208715
208718
208727
20874
208768
20878
208795
208820
208846
208869
208884
208890
208908
20892
208922
208943
208967
20897
208994
209012
209027
209039
209086
20909
20910
20911
20913
20916
20917
20918
209195
209212
209225
20926
20927
20930
209318
20932
209334
209354
209378
209416
209456
20947
209488
209497
209586
209588
20962
20963
20964
20965
209683
20969
209692
209707
20972
20973
209743
20975
209760
210027
210105
210106
210126
210148
210274
210293
210297
210356
210529
210530
210573
210582
210710
210719
210762
210766
210789
210801
210808
210973
210998
211006
211187
211232
211255
211286
211347
211401
211429
211468
211480
211482
211535
211548
211550
211556
211586
211623
211651
211652
211673
211770
211798
211896
211922
211945
211949
211986
212090
212111
212114
212123
212139
212163
212167
212168
212198
212276
212326
212377
212391
212442
212514
212517
212531
212539
212555
212627
212632
212647
212706
212728
212733
212862
212880
212933
212943
212974
212980
212986
212998
212999
213006
213019
213053
213056
213068
213081
213084
213109
213121
213211
213236
21333
21335
213350
21338
213389
21339
213391
213393
21341
213417
213452
21346
213484
213491
213499
21351
21353
213550
213556
213573
213575
213582
213603
213649
21366
213673
213696
21372
213742
21376
213773
213781
213783
21379
213811
213819
213827
21386
213895
21390
213945
213948
213989
213993
21400
21401
21402
214048
214058
21406
214063
214112
21413
214137
21414
21415
214150
214162
21417
21418
21419
21423
214239
21425
214253
21427
21428
21429
214321
214345
214359
214424
214444
214459
214469
214505
21452
214523
214531
214547
214552
214579
214593
214597
214601
21463
214642
214663
214669
214685
214791
214812
214854
214897
214899
214917
214931
214932
214944
214968
214987
215001
215008
215051
215085
215113
215114
215210
215257
215280
215351
215384
215387
215436
215445
215446
215474
215493
215494
215615
215627
215632
215690
215693
215705
215707
215708
215723
215751
215789
215798
215819
215821
215951
215999
216001
216011
216080
216131
216134
216148
216150
216151
216152
216154
216161
216169
216188
216197
216225
216344
216345
216350
216363
216395
216438
216440
216441
216443
216445
216456
216505
216516
21652
216551
216558
216565
216618
21664
216643
216705
216725
216742
21676
21677
21678
21681
216810
21682
216820
216821
216829
216835
216846
216850
216853
216856
216858
216859
216867
216869
21687
216874
216877
216963
216965
216971
217011
217012
217030
217031
217038
217057
217082
217109
217124
217125
217127
217138
217154
217169
217194
217201
217207
217214
217218
217219
217232
217258
217294
217310
217316
217331
217333
217335
217337
217341
217342
217344
217351
217353
217364
217365
217371
217378
217379
217410
217430
217431
217449
21745
217463
21749
21750
217517
21752
21753
21754
217558
217578
217615
21763
217648
217653
21766
217664
217666
21767
217682
217692
217700
217708
21771
217721
217732
21778
217827
217835
217837
217864
217866
217869
21787
217882
217887
217893
217935
217944
217946
217980
21802
21803
21804
21808
21809
218121
218138
21814
21815
21816
21817
218194
218203
21821
218210
218214
218215
218232
218236
21824
21825
21826
21827
218271
218294
21833
218333
218335
21834
218343
21835
218397
218442
218454
21846
21847
218476
21849
218490
218503
218518
21853
21854
21855
21856
21857
218581
218613
218639
218693
218699
21871
21872
21873
218756
218772
21881
218811
218820
21885
218850
218877
21888
218885
218914
21892
21894
218963
21897
218975
218977
21898
218989
21899
219022
219024
219033
21906
219072
219094
219103
219105
21912
219131
219132
219134
219135
219140
219148
219151
219181
219228
21923
21924
219249
21928
21929
21933
21934
21938
21939
21943
21944
21945
21946
21950
21951
21953
21956
21960
21961
21968
21969
21974
21976
21981
21982
21983
21985
21987
21991
22003
22004
22021
22022
22025
22027
22029
22030
22032
22035
22036
22038
22041
22042
22051
22057
22059
22068
22070
22083
22088
22094
22099
22110
22113
22121
22122
22123
22129
22130
22134
22137
22142
22143
22145
22146
22151
22153
22154
22156
22158
22166
22169
22174
22184
22185
22187
22192
22196
22200
22209
22210
22213
22217
22224
22225
22229
22230
22232
22234
22235
22239
22240
22245
22253
22256
22258
22259
22269
22270
22271
22272
22273
22275
22276
22284
22286
22289
22317
22318
22319
22323
22324
223267
22327
223272
22329
22330
22334
22337
22339
22341
22343
223435
22344
223453
223455
223473
22350
22351
22352
223527
22359
223601
223626
223642
223645
223646
223649
22365
223650
223658
223665
223666
223669
22368
223690
223693
223696
223697
223701
22371
223722
22373
223732
223739
223752
223753
223754
223770
223773
223774
223775
223776
22378
22379
22380
22381
223827
22385
223864
223881
223917
223920
22393
223970
223978
22401
224014
224019
224020
224022
224023
224024
22403
22404
224045
224079
224088
224090
224093
224105
224109
22411
224111
224116
224129
224139
22414
224143
22417
224171
22418
22419
22422
224250
22427
224273
22433
22436
22437
22439
224405
224432
224454
224481
224530
224598
224613
224617
224619
224630
224647
224648
224650
224674
224691
224694
224697
224703
224727
224742
224792
224794
224796
224807
224814
224824
224829
224836
224860
224903
224938
224997
225027
225028
225049
225055
225115
225160
225164
225182
225187
225207
225280
225283
225288
225289
225358
225362
225363
225372
225392
225651
225655
225659
225724
225791
225845
225849
225870
225875
225876
225887
225888
22589
225896
22590
225908
22591
225929
22594
22596
225995
225997
22601
226016
226040
226041
226075
226089
226090
226098
226101
226122
226123
226139
226153
226162
226178
226245
226250
226251
226252
226255
22628
22629
22630
22631
22634
226351
226352
226407
226409
226419
226421
22643
226432
22644
226442
22646
226470
22648
226499
226517
226519
22652
226539
226551
226562
22658
226591
226594
22661
226641
226646
22668
22670
22673
226747
226751
226778
22678
226791
22680
22682
226841
226844
22685
226856
226861
22687
22688
22691
22694
22695
22696
226970
226971
226976
226977
226999
22701
22704
227059
22709
227094
227095
22710
227102
227120
22715
227154
22718
227195
227197
22720
227210
22724
227327
227331
227333
227334
227377
227394
227399
227446
22746
227485
22750
22751
227525
227545
22755
22756
22757
22758
227612
227615
227619
227620
227624
22763
227634
227638
22764
227648
227656
227659
227671
227674
227682
227693
227695
227696
227697
227699
22770
227717
227721
227723
227731
227736
227738
227743
227753
22778
22779
227800
22781
22782
22784
22785
227867
227885
227929
227933
227937
228026
228033
228071
228139
228140
228355
228356
228357
228359
228366
228413
228421
228432
228482
228536
228543
228545
228550
228576
228598
228607
228662
228677
228714
228715
228730
228765
228770
228775
228785
228790
228801
228836
228839
228859
228866
228869
228875
228876
228880
228911
228913
228961
228966
228983
228993
228994
228998
229003
229004
229007
229011
229055
229096
229317
229363
229445
229473
229474
229503
229504
229517
229521
229524
229534
229541
229542
229543
229584
229588
229589
229593
229595
229599
229603
229613
229615
229644
229658
229672
229675
229697
229706
229707
229709
229722
229725
229731
229776
229782
229841
229877
229900
229905
229906
229927
229933
230027
230073
230075
230088
230099
230101
230103
230125
230126
230145
230157
230162
230233
230234
230249
230257
230259
230279
230316
230376
230393
230405
230484
230500
230514
230577
230594
230596
230597
230598
230603
230648
230649
230657
230661
230678
230696
230700
230709
230721
230726
230734
230737
230757
230761
230766
230775
230777
230784
230789
230793
230796
230806
230809
230810
230815
230822
230848
230857
230861
230863
230872
230895
230904
230908
230917
230936
230967
230971
230979
230991
231002
231003
231050
231051
231070
231130
231134
231151
231162
231214
231225
231238
231253
231287
231380
231386
231413
231440
231452
231470
231474
231506
231507
231510
231580
231600
231602
231605
231630
231637
231642
231659
231668
231670
231712
231717
231769
231801
231803
231821
231830
231834
231842
231858
231863
231866
231871
231874
231887
231915
231931
231991
231997
231999
232016
232023
232035
232087
232156
232157
232164
232174
232187
232210
232223
232227
232232
232236
232237
232286
232288
232314
232334
232339
232341
232430
232431
232440
232441
232449
232536
232560
232599
232664
232748
232784
232807
232816
232855
232889
232906
232910
232947
232966
232969
232970
232976
232983
232987
233011
233033
233056
233057
233060
233064
233071
233103
233107
233199
233208
233280
233315
233328
233332
233335
233410
233489
233529
233552
233571
233575
233649
233651
233724
233733
233744
233765
233781
233789
233802
233805
233806
233824
233826
233865
233887
233893
233899
233902
233905
233908
233912
233913
233977
233979
233987
234023
234076
234094
234214
234258
234311
234344
234353
234362
234371
234384
234388
234396
234407
234413
234515
234582
234593
234663
234664
234678
234683
234686
234695
234723
234725
234728
234729
234730
234734
234736
234740
234776
234797
234814
234839
234847
234854
234857
234863
234875
234889
234912
234915
235036
235044
235047
235086
235130
235169
235184
235283
235293
235315
235320
235339
235386
235402
235406
235431
235439
235441
235442
235461
235497
235504
235533
235534
235542
235559
235574
235584
235587
235611
235623
235626
235633
235956
236069
236193
236266
236285
236451
236573
236643
236733
236790
236792
236848
236899
236900
236920
236930
237052
237175
237211
237221
237222
237253
237256
237336
237387
237397
237400
237412
237436
237459
237500
237504
237615
237625
237711
237716
237769
237775
237859
237860
237877
237887
23789
23790
237911
237926
23794
237940
237943
23797
237988
23801
23802
238024
23806
238074
238076
238123
238130
23821
238252
238257
23827
238317
238323
238328
238330
238386
23844
238455
23849
238505
23853
23854
238555
23856
23857
23859
23863
238692
23871
23872
23874
23877
23879
238799
23880
238803
23881
23882
23885
23886
23887
238871
23888
238988
239029
23908
239096
239114
239126
23917
23918
239188
23921
23922
23924
239273
239319
239337
23936
23938
23939
23942
239463
23947
239510
239528
239552
239554
239555
23956
239570
23959
23960
23962
23963
239667
23970
239719
239739
239759
239760
239796
23980
239845
23988
23989
23991
23993
23996
23997
239985
24001
240028
24004
240041
240047
240055
240057
240064
240084
240087
24010
240121
24015
240168
240174
240185
240216
240255
240261
240263
240283
24030
240334
240396
240427
24044
240442
24045
240476
240505
240514
240518
24055
24056
24057
24058
24059
24060
240614
24063
240638
24064
240641
24066
240665
24067
240672
240675
24068
24069
24070
24071
24075
240752
240753
240754
24083
240832
24084
24088
240880
240913
24100
241035
241062
241075
24109
24110
241118
24115
24116
24117
241230
24128
24131
24132
241322
24135
24136
241447
241490
241525
241576
241612
241624
241627
241639
241694
241732
241846
241877
241915
241944
241950
241989
242022
242122
242125
242126
242202
242291
242377
242406
242409
242425
242466
242481
242484
242553
242557
242585
242662
242667
242669
242687
242705
242721
242736
242785
242860
242864
242960
243197
243219
243272
243277
243328
243362
243369
243373
243382
243385
243529
243538
243547
243653
243659
243725
243743
243771
243834
243846
243864
243867
243897
243900
243910
243923
243963
243983
244141
244144
244219
244329
244418
244556
244579
244608
244646
244654
244666
244668
244672
244698
244745
244757
244853
244871
244879
244886
244891
244895
244954
244962
245128
245269
245297
245368
245404
245450
245522
245527
245532
245555
245595
245607
245631
245638
245666
245670
245671
245688
245695
245841
245857
245860
245866
245877
245886
245944
245945
246102
246103
246104
246154
246179
246196
246198
246257
246277
246691
246727
246730
246747
246782
252838
252870
252966
252967
252973
257632
257633
257635
257871
258394
259108
259277
259279
259300
259302
260297
260299
260302
260305
260315
260409
263406
26357
26362
26363
26364
26365
26366
26367
26371
26373
26377
26379
263803
26382
26386
263876
26388
26395
26396
26397
26398
26403
26404
26405
26406
26407
26409
26410
26412
26413
264134
26415
26416
26417
26420
26422
26426
26427
26428
26429
26430
26431
26432
26433
26440
26442
26445
26448
26451
26456
26457
26458
26462
26465
264895
26549
26557
26558
26562
26563
26564
26568
26569
26570
26611
266692
266781
267019
268281
268291
268297
268301
268390
268395
268396
268417
268445
268449
268469
268470
268480
268534
268564
268566
268656
268663
268697
268739
268747
268759
26878
268780
268822
268880
268882
26889
268902
26893
268930
268932
268935
268936
26894
26895
268958
26896
26897
268970
268977
26898
26901
269016
269019
269023
26903
269037
269060
269061
26909
269094
269113
269116
26912
269132
26914
269152
269180
269181
26920
269209
26921
26922
269233
269252
26926
269261
26931
269328
269344
269356
26936
269389
26939
26940
269400
269401
26941
269423
269424
26943
269470
269473
26949
26951
269523
269529
269582
269585
269589
269593
269604
269608
26961
269610
269615
269623
269633
269642
26965
269682
269695
269700
269702
269704
269713
269717
269774
269823
269831
269854
26987
269878
269881
269941
269951
269952
269959
269966
269994
269997
270035
270058
270066
270076
27008
270086
270091
270106
270109
270118
27015
270156
270163
270166
270198
270210
27029
270328
27041
27049
27050
27053
27054
27055
27056
27058
27059
270624
270672
270685
27081
270906
27096
271305
27176
271844
271849
271887
271970
271981
272009
27204
27205
27214
27215
27219
27223
27224
27225
272322
272359
272396
272465
272589
27261
272636
27267
27273
27274
27276
27277
27279
27280
27354
27356
27357
27359
27360
27361
27362
27364
27366
27367
27368
27369
27370
27373
27374
27376
27377
27384
27386
27388
27392
27395
27397
27398
27399
27401
27402
27403
27404
27406
27407
27410
27412
27413
27416
27418
27426
27494
27528
27632
27643
27660
276770
27681
276829
276846
276852
276905
276919
276950
277010
277154
277333
277360
277396
277414
277463
277692
277743
277854
277898
277939
277973
27801
278097
278240
278672
27878
278795
27886
279028
279029
27965
279653
27966
27973
27979
27981
27984
27998
27999
280047
28015
28018
28019
28028
28030
28036
28040
280408
280411
28064
280645
280668
28080
28081
28084
28105
28106
28109
28113
28126
28135
28146
28169
28199
28200
28250
28295
286940
286942
29806
29809
29812
29813
29815
29816
29817
29856
29857
29858
29863
29869
29870
29871
29873
29877
30045
30046
30049
30051
30055
30057
30059
30060
30794
30805
30838
30839
30878
30928
30931
30932
30933
30934
30935
30938
30940
30941
30944
30945
30946
30948
30954
30955
30956
30957
30963
317677
317717
317757
319153
319158
319160
319179
319181
319182
319186
319187
319188
319189
319195
319197
319207
319262
319263
319269
319278
319352
319370
319371
319387
319430
319433
319446
319448
319454
319468
319477
319478
319480
319481
319482
319504
319508
319513
319518
319520
319527
319545
319554
319565
319581
319583
319586
319601
319604
319616
319618
319622
319625
319636
319651
319653
319660
319670
319675
319689
319701
319710
319719
319740
319742
319748
319757
319767
319804
319817
319822
319830
319832
319839
319845
319876
319880
319885
319888
319899
319929
319930
319934
319939
319940
319944
319945
319953
319955
319973
319974
319982
319996
319998
320007
320011
320024
320051
320078
320080
320091
320099
320111
320127
320129
320150
320159
320163
320172
320181
320183
320184
320189
320206
320213
320226
320234
320253
320256
320271
320273
320292
320299
320309
320311
320312
320333
320365
320376
320394
320398
320405
320415
320435
320438
320473
320487
320495
320506
320528
320534
320554
320557
320560
320586
320615
320634
320655
320661
320683
320685
320706
320709
320713
320714
320717
320727
320736
320749
320772
320782
320790
320795
320802
320806
320817
320825
320844
320865
320871
320878
320910
320916
320924
320947
320950
320965
320982
320997
321000
321007
326618
326622
326623
327655
327744
327762
327768
327900
327959
327978
327987
328092
328108
328110
328133
328232
328258
328287
328329
328365
328399
328417
328451
328561
328572
328580
328779
328801
328949
329002
329015
329064
329065
329152
329154
329165
329178
329217
329252
329260
329278
329360
329384
329427
329470
329506
329540
329575
329584
329702
329727
329731
329735
329739
329777
329795
329828
329851
329877
329908
329919
329934
329941
329977
330010
330064
330119
330122
330171
330177
330189
330230
330256
330260
330267
330286
330319
330323
330355
330450
330483
330502
330577
330599
330657
330662
330671
330695
330721
330790
330812
330814
330836
330890
330938
331026
331063
331374
331401
331474
331623
332110
332131
332175
332221
332579
332937
333182
333433
333605
333639
333654
333789
338320
338337
338349
338351
338354
338360
338362
338365
338366
338367
338368
338370
338523
338535
347722
347740
353047
353169
353172
353211
353235
353237
353310
353342
353499
360013
360213
360216
378435
378460
378702
380601
380608
380614
380684
380694
380711
380713
380714
380718
380752
380753
380785
380787
380836
380840
380855
380912
380916
380921
380928
380930
380959
380967
380969
380993
381022
381066
381067
381073
381085
381101
381110
381126
381148
381157
381175
381217
381224
381232
381259
381290
381293
381305
381310
381314
381318
381319
381337
381356
381406
381410
381438
381485
381510
381511
381546
381560
381580
381598
381626
381628
381633
381668
381677
381678
381694
381810
381820
381823
381845
381903
381921
381925
381979
381983
381990
382034
382036
382038
382051
382062
382090
382097
382117
382137
382207
382245
382252
382253
382406
382571
382620
382639
382823
382913
383080
383103
383295
383326
383491
384009
384061
384281
384525
384783
384864
385354
385668
385674
386454
386655
387150
387216
387220
387314
387524
387609
399510
399558
399603
399609
402747
402757
403174
403187
403205
404634
406217
406219
406220
406223
407243
407785
407795
407812
407819
407821
407823
408022
408057
408058
408064
408065
408066
414069
414089
414093
414108
414111
414758
414801
432466
432467
432479
432486
432502
432530
432572
432725
432731
432763
432768
432798
432800
432839
432940
432987
432995
432999
433022
433182
433297
433375
433586
433634
433693
433745
433752
433759
433771
433791
433855
433864
433874
433904
433926
433931
433944
433968
434050
434175
434204
434215
434232
434233
434234
434249
434401
434437
434460
434484
434540
434778
434782
434858
435684
435965
442799
442801
442825
442829
442834
448850
449000
474156
494448
494468
503610
503844
50490
50496
50497
50500
50523
50524
50527
50528
50529
50721
50722
50724
50753
50760
50762
50766
50767
50768
50770
50773
50778
50780
50781
50782
50783
50784
50785
50787
50789
50790
50791
50797
50798
50850
50868
50874
50875
50877
50878
50880
50883
50887
50905
50907
50909
50912
50915
50917
50918
50926
50927
50932
50934
50935
50997
51792
51793
51796
51798
51800
51801
51812
51813
51875
51897
51902
51944
51960
52004
52013
52020
52023
52024
52028
52033
52055
52064
52065
52076
52118
52123
52150
52163
52174
52202
52245
52276
52318
52323
52331
52335
52357
52397
52428
52430
52440
52466
52469
52513
52535
52552
52570
52585
52588
52589
52592
52609
52615
52635
52637
52639
52653
52662
52665
52666
52668
52686
52690
52705
52708
52710
52712
52715
52793
52815
52822
52829
52837
52840
52846
52850
52857
52858
52864
52892
52898
52906
53310
53311
53312
53314
53315
53317
53318
53319
53321
53322
53323
53325
53328
53330
53331
53332
53333
53356
53357
53375
53376
53381
53415
53421
53422
53599
53600
53602
53603
53605
53608
53609
53610
53614
53618
53620
53621
53625
53627
53761
53791
53817
53857
53858
53859
53861
53869
53871
53883
53885
53890
53892
53893
53895
53902
53945
53951
53970
53972
53975
53978
54004
54006
54120
54125
54126
54127
54128
54131
54132
54135
54138
54139
54140
54141
54151
54152
54153
54161
54169
54170
54189
54194
54195
54197
54198
54200
54201
54208
54214
54216
54217
54218
54219
54324
54325
54326
54342
54343
54352
54353
54354
54357
54366
54369
54373
54375
54377
54381
54383
54384
54391
54392
54393
54396
54397
54403
54405
54411
54419
54420
54446
54447
54451
544696
54473
544741
544752
54484
54485
544963
544971
544998
545007
545062
545091
54525
545261
545428
545481
545531
545539
545551
54561
545611
54563
545700
545812
545864
545975
54598
54601
546049
546052
54607
546071
54608
54609
54610
546100
54612
546143
546144
54615
546166
54624
54630
54632
54633
54635
54636
54637
54644
54648
54650
54651
546663
54667
54670
54672
546723
54683
546886
547023
54710
54711
547127
547150
547176
54720
54722
54723
54725
547253
547267
554327
55925
55932
55935
55936
55942
55943
55946
55948
55949
55950
55951
55960
55961
55963
55978
55979
55980
55981
55982
55984
55987
55988
55991
55992
56013
56016
56017
56018
56031
56040
56041
56045
56050
56055
56068
56070
56072
56075
56078
56085
56086
56089
56149
56150
56174
56175
56176
56177
56190
56195
56196
56198
56199
56200
56207
56209
56210
56212
56213
56214
56215
56217
56218
56222
56226
56228
56229
56233
56248
56274
56279
56280
56282
56284
56291
56294
56295
56297
56305
56306
56307
56309
56312
56314
56316
56318
56320
56321
56322
56323
56325
56330
56332
56334
56336
56338
56348
56349
56351
56353
56354
56356
56357
56358
56368
56369
56374
56375
56376
56381
56382
56384
56386
56388
56389
56398
56399
56401
56403
56404
56405
56406
56407
56409
56412
56417
56418
56420
56421
56422
56424
56426
56427
56428
56431
56434
56437
56438
56443
56445
56447
56448
56449
56451
56452
56453
56454
56455
56456
56457
56458
56459
56460
56461
56462
56463
56468
56473
56480
56485
56486
56489
56491
56494
56495
56496
56501
56515
56516
56517
56520
56522
56524
56526
56527
56532
56535
56538
56550
56551
56612
56615
56631
56632
56642
56690
56693
56697
56698
56699
56700
56702
56703
56705
56707
56708
56711
56715
56716
56717
56726
56736
56737
56738
56741
56742
56743
56745
56749
56752
56753
56758
56771
56774
56784
56786
56790
56791
56794
56795
56808
56809
56835
56838
56847
56873
56876
57028
57080
57170
57230
57260
57261
57266
57278
57279
57294
57295
57312
57314
57317
57319
57330
57342
57344
57354
57357
57370
57376
57377
57390
57423
57429
57432
57434
57436
57437
57438
57439
57440
574405
57441
574428
57444
57738
57746
57748
57751
57753
57764
57776
57778
57782
57783
57784
57808
57810
57814
57875
57890
57895
57905
57908
57912
57914
57915
58175
58176
58180
58185
58186
58187
58193
58202
58203
58206
58207
58210
58233
58234
58235
58238
58242
58245
58246
58521
58799
58801
58804
58805
58809
58859
58861
58875
58887
58909
58911
58996
58998
59001
59003
59005
59007
59008
59009
59010
59012
59013
59014
59016
59020
59021
59022
59024
59025
59027
59030
59035
59038
59041
59042
59043
59044
59045
59046
59048
59050
59052
59056
59057
59083
59092
59093
59095
59125
59126
59287
59288
59290
59308
594844
595136
60315
60364
60365
60409
60425
60455
60507
60510
60525
60527
60594
60599
60611
613262
619288
619547
619605
619973
620480
620678
620695
620883
620966
620986
621156
621312
621603
621697
621699
621837
622127
622320
622335
622402
622404
622568
622675
622976
623078
623169
623174
623230
623286
623453
623672
623688
623796
624083
624251
624662
624866
625054
625098
625175
625253
625342
625409
625421
626055
626175
626359
626391
626534
626854
627049
627110
627317
627782
627828
628161
628746
628813
629059
629461
629480
629750
630499
630836
632687
633188
633640
633979
634650
634720
634731
635702
636104
63828
63830
63857
63873
63913
63953
63958
63959
639658
63986
64008
64009
64010
64051
640524
64058
64074
64075
64082
64103
641340
64136
641376
64138
64143
64177
64213
64291
64296
64297
64339
64384
64435
64436
64451
64602
64652
64655
64656
64658
64659
64660
64685
64704
64706
64707
64898
64933
64945
65019
65020
65079
65098
65099
65105
65107
65111
65112
65113
65114
65116
65247
65254
65255
65257
652925
654432
654467
654470
654472
654799
654803
654820
65945
65960
65961
65962
65963
65964
65969
65970
65972
66011
66043
66044
66046
66047
66048
66049
66050
66052
66054
66058
66059
66060
66061
66066
66070
66071
66074
66075
66077
66078
66079
66082
66085
66087
66089
66090
66091
66094
66096
66098
66102
66105
66108
66109
66111
66114
66116
66117
66119
66120
66121
66126
66132
66138
66141
66142
66143
66148
66151
66152
66153
66154
66155
66156
66161
66162
66164
66165
66166
66168
66169
66172
66176
66177
66179
66180
66184
66185
66190
66191
66192
66193
66194
66196
66198
66199
66200
66201
66205
66212
66214
66218
66220
66225
66226
66230
66234
66236
66245
66248
66249
66251
66253
66254
66256
66257
66259
66262
66268
66270
66271
66272
66273
66274
66276
66277
66278
66286
66290
66292
66296
66300
66302
66306
66308
66309
66313
66314
66320
66323
66329
66330
66335
66341
66350
66355
66356
66357
66361
66362
66364
66365
66371
66374
66375
66377
66379
66383
66384
66388
66390
66395
66397
66398
66400
66401
66405
66406
66409
66412
66413
66416
66420
66423
66427
66431
66432
66433
66435
66439
66440
66441
66442
66445
66448
66451
66454
66455
66459
66462
66464
66468
66469
66471
66475
66477
664791
66480
66481
66482
66483
664849
66488
66489
664903
66493
66494
66495
664968
66497
664994
66500
66505
66508
66510
66511
665113
66513
665137
66514
66515
665155
665181
66521
66522
665270
66528
66531
66536
66537
665386
66540
665402
665413
66548
66549
665503
66556
665562
665574
665596
665622
665649
66568
665685
665689
66569
66570
66573
66576
665775
66578
665783
665825
66586
66587
66588
665892
66591
665928
66593
66597
66598
66602
66603
66606
666060
66607
66612
66614
66615
66616
66617
666170
666173
66624
666259
66627
66629
666295
66631
666348
666351
666390
66642
666448
66645
66646
666468
66648
666514
66653
666532
66660
66661
66662
66663
66664
666642
666648
66665
66667
666693
666704
666706
666737
66674
66676
666794
66680
66681
66682
66687
666890
666899
66691
666918
66694
666945
66701
667034
667035
66704
66705
667090
66711
667118
66713
66714
667148
66717
66724
66730
66736
667422
66748
667510
667518
66753
667537
66757
667631
66765
667686
667705
66771
667728
667739
667742
66775
667768
667792
66787
66790
667952
66797
667977
668041
66805
66810
668108
66813
668139
668158
66816
668166
668171
668173
66818
668205
66822
668225
66824
668272
66838
66839
66840
668409
66844
66847
66848
668489
66849
668504
668525
66853
66854
66855
668572
66859
66860
668661
668662
66867
668706
66874
66878
66880
66881
66882
668829
66884
66885
66887
66889
668894
668896
66890
66892
668936
668940
66895
66898
66902
66904
66905
66910
66911
66912
66913
66915
66916
66917
66921
66922
66925
66926
66928
66929
66934
66935
66938
66939
669393
66940
66943
66945
66948
66949
66950
66952
66953
66958
66959
66960
66962
66964
66965
66967
66968
66972
66973
66975
66977
66978
66979
66980
66983
66988
66989
66993
66997
66998
66999
67003
67005
67006
67009
67010
67011
67013
67014
67015
67016
67017
67019
670198
67023
67025
67026
67030
67038
67041
67042
67046
67048
67050
67052
67053
67054
67059
67063
67065
67067
67068
67070
67071
67072
67073
67074
67075
67078
67080
67087
67088
67091
67092
67095
67096
67097
670994
67109
67111
67115
67116
67118
67120
67122
67125
67126
67134
67139
67145
67148
67149
67154
67155
67157
67161
67163
671650
67166
67168
67169
67171
67178
67179
67180
67181
67184
67186
67187
671878
67194
67197
67198
67204
67205
67210
67211
67212
67213
67216
67217
67222
67225
67231
67236
67238
67239
67242
67245
67247
67249
672511
67252
67255
67260
67263
67264
67266
67267
67268
67269
67270
67272
67273
67278
67279
67280
67281
67286
67288
67290
67291
67292
67298
67299
67302
67306
67308
67311
67313
67326
67332
67333
67367
67369
67370
67374
67378
67382
67384
67387
67388
67389
67391
67392
67393
67397
67398
67399
67414
67416
67418
67422
67425
67426
67427
67429
67430
67432
67433
67434
67437
67440
67442
67443
67444
67448
67452
67453
67455
67456
67457
67460
67464
67466
67467
67468
67469
67472
67474
67475
67486
67487
67488
67489
67490
67492
674921
67493
67495
67501
67509
67510
67511
67512
67513
67525
67526
67529
67530
67533
675363
67542
67544
67547
67549
67552
67554
67557
67561
67563
67564
67573
67579
67580
67581
675812
67586
67588
67590
675921
67602
67603
67604
67605
67608
67618
67619
67621
67622
67623
67629
67630
67636
67647
676527
67655
67661
67664
67665
67674
67675
67680
67681
67684
67685
67689
67694
67695
67698
67701
677010
67702
67704
67707
67710
67711
67712
67713
67719
67726
67729
67731
67733
67738
67739
67759
67763
67767
67774
67775
67776
67778
67781
67784
67788
67789
67790
67792
67797
67800
67801
67803
67804
67809
67811
67815
67819
67830
67832
67834
67838
67839
67840
67841
67843
67844
67845
67846
67847
67849
67851
67855
67856
67859
67860
67861
67863
67864
67866
67867
67869
67870
67878
67880
67884
67885
67886
67887
67889
67890
67891
67892
67893
67894
67897
67900
67903
67905
67912
67914
67916
67917
67920
67921
67933
67938
67939
67941
67943
67945
67946
67948
67949
67951
67952
67955
67956
67963
67966
67967
67971
67972
67973
67974
67976
67978
67980
67991
67993
67994
67997
68010
68011
68014
68021
68023
68024
68031
68032
68033
68035
68036
68038
68039
68040
68041
68043
68044
68045
68047
68048
68050
68051
68053
68055
68059
68066
68070
68073
68074
68077
68080
68083
68089
68090
68094
68097
68098
68099
68106
68107
68108
68112
68119
68126
68128
68133
68135
68137
68140
68142
68145
68146
68147
68151
68152
68153
68159
68165
68166
68171
68173
68177
68178
68180
68187
68190
68192
68193
68195
68196
68197
68198
68201
68202
68209
68212
68219
68229
68233
68239
68240
68241
68250
68259
68262
68263
68267
68268
68273
68275
68276
68277
68283
68285
68291
68292
68294
68299
68303
68304
68310
68312
68316
68318
68323
68328
68337
68342
68347
68349
68350
68366
68375
68379
68385
68393
68394
68395
68396
68401
68420
68423
68427
68428
68436
68440
68441
68453
68465
68468
68472
68473
68475
68477
68479
68487
68490
68493
68497
68499
68501
68505
68507
68510
68514
68520
68521
68523
68524
68525
68526
68527
68533
68537
68545
68549
68552
68556
68558
68559
68563
68564
68565
68567
68572
68576
68581
68585
68588
68591
68592
68597
68598
68603
68607
68611
68612
68617
68626
68628
68632
68636
68642
68646
68652
68653
68667
68671
68675
68682
68691
68708
68718
68724
68725
68730
68732
68734
68735
68736
68737
68738
68742
68744
68750
68755
68763
68767
68770
68774
68776
68777
68778
68794
68795
68796
68797
68800
68801
68808
68813
68815
68816
68818
68832
68833
68836
68837
68839
68846
68852
68859
68865
68867
68874
68875
68877
68888
68889
68891
68895
68904
68910
68911
68920
68922
68927
68929
68942
68943
68944
68947
68949
68955
68957
68964
68970
68971
68972
68977
68979
68982
68988
68992
68995
69008
69010
69017
69019
69020
69028
69029
69032
69038
69046
69047
69048
69051
69064
69066
69068
69071
69076
69080
69089
69090
69091
69094
69106
69113
69121
69125
69129
69131
69134
69137
69146
69149
69151
69155
69159
69161
69162
69163
69168
69170
69171
69178
69179
69181
69188
69190
69192
69195
69202
69207
69216
69217
69219
69221
69225
69226
69227
69232
69237
69241
69253
69257
69259
69269
69270
69274
69276
69288
69291
69305
69309
69324
69379
69386
69387
69399
69428
69430
69440
69441
69459
69478
69479
69480
69482
69487
69499
69524
69527
69535
69536
69538
69539
69540
69546
69548
69551
69553
69554
69556
69562
69573
69574
69582
69583
69587
69590
69591
69592
69596
69597
69605
69608
69617
69627
69632
69634
69638
69639
69640
69641
69655
69656
69660
69662
69663
69666
69672
69675
69681
69684
69692
69693
69694
69702
69706
69709
69710
69714
69717
69718
69721
69723
69726
69727
69731
69737
69742
69745
69749
69754
69770
69772
69773
69792
69802
69804
69806
69812
69815
69833
69834
69847
69863
69864
69875
69876
69878
69882
69890
69895
69900
69902
69903
69908
69917
69920
69941
69956
69961
69964
69993
70005
70008
70012
70020
70021
70024
70025
70028
70031
70044
70057
70081
70082
70088
70093
70097
70099
70101
70103
70110
70120
70122
70123
70127
70129
70144
70152
70153
70155
70160
70207
70209
70218
70223
70225
70227
70231
70233
70235
70237
70239
70240
70257
70261
70274
70281
70292
70294
70296
70297
70300
70310
70312
70316
70317
70319
70335
70348
70349
70350
70354
70355
70358
70359
70361
70369
70370
70373
70375
70377
70380
70381
70383
70387
70396
70397
70408
70415
70419
70420
70422
70423
70425
70427
70432
70435
70439
70450
70451
70454
70456
70461
70466
70470
70472
70481
70484
70495
70497
70503
70508
70533
70536
70538
70544
70546
70551
70552
70556
70560
70561
70564
70572
70573
70574
70575
70579
70584
70598
70599
70601
70604
70605
70615
70617
70620
70625
70640
70645
70646
70652
70675
70676
70683
70686
70693
70696
70701
70726
70727
70729
70737
70747
70757
70769
70779
70784
70785
70796
70797
70804
70807
70808
70821
70823
70829
70834
70835
70846
70885
70892
70925
70930
70945
70951
70967
70984
70998
71007
71041
71069
71082
71086
71116
71132
71145
71147
71148
71169
71177
71182
71198
71207
71228
71233
71238
71240
71242
71254
71268
71306
71310
71330
71340
71345
71361
71365
71367
71371
71375
71382
71389
71393
71395
71406
71409
71421
71435
71436
71445
71448
71449
71452
71458
71461
71472
71474
71481
71492
71508
71514
71521
71522
71529
71538
71544
71566
71583
71592
71599
71601
71602
71617
71637
71640
71643
71653
71665
71667
71670
71673
71675
71679
71683
71684
71690
71699
71701
71702
71703
71704
71706
71709
71711
71712
71720
71722
71723
71724
71729
71735
71740
71742
71743
71746
71750
71753
71755
71765
71767
71770
71774
71775
71777
71778
71779
71780
71785
71790
71795
71799
71801
71805
71816
71817
71819
71820
71832
71833
71834
71837
71839
71843
71846
71853
71856
71865
71870
71874
71876
71877
71878
71881
71883
71887
71889
71890
71893
71900
71902
71904
71908
71910
71911
71914
71918
71919
71920
71929
71939
71941
71946
71947
71949
71951
71952
71955
71957
71960
71962
71963
71966
71968
71974
71978
71983
71986
71988
71991
71994
71997
71998
71999
72000
72007
72008
72012
72016
72017
72018
72020
72022
72026
72027
72029
72033
72039
72040
72043
72046
72047
72049
72053
72055
72058
72061
72080
72083
72084
72090
72091
72093
72096
72097
72098
72102
72106
72108
72113
72117
72119
72123
72124
72125
72128
72129
72135
72136
72141
72144
72145
72147
72149
72151
72154
72157
72162
72169
72171
72175
72180
72183
72190
72193
72199
72201
72205
72230
72238
72244
72265
72267
72273
72275
72278
72284
72287
72293
72296
72306
72308
72309
72313
72315
72320
72323
72333
72341
72344
72349
72350
72355
72357
723792
72388
723896
72391
72393
723960
72401
72415
72416
72429
72434
72446
72454
72461
72462
72465
72479
72480
72482
72486
72500
72503
72507
72508
72512
72514
72515
72518
72519
72522
72535
72542
72543
72544
72554
72556
72567
72568
72569
72572
72578
72587
72590
72611
72614
72615
72621
72630
72634
72640
72650
72655
72656
72657
72661
72662
72667
72669
72685
72690
72691
72699
72701
72709
72720
72722
72726
72727
72736
72745
72747
72748
72749
72750
72754
72759
72772
72775
72776
72787
72792
72805
72823
72825
72834
72843
72844
72852
72895
72899
72900
72931
72935
72938
72948
72972
72978
72981
72982
72993
73016
73024
73067
73068
73072
73075
73078
73086
73094
73095
73102
73112
73121
73122
73124
73130
73132
73137
73158
73162
73166
73172
73174
73178
73181
73182
73192
73205
73234
73242
73246
73251
73254
73274
73284
73288
73293
73296
73316
73327
73338
73341
73349
73363
73368
73419
73451
73467
73469
73473
73490
73516
735265
73545
73598
73608
73635
73649
73658
73666
73668
73673
73674
73680
73683
73692
73710
73713
73721
73723
73728
73732
73736
73737
73738
73744
73750
73754
73813
73822
73824
73825
73826
73827
73828
73830
73834
73836
73845
73847
73852
73870
73884
73895
73914
73916
73919
73945
73951
73991
73998
74007
74008
74011
74012
74015
74016
74018
74019
74022
74030
74032
74035
74039
74043
74044
74048
74051
74053
74055
74076
74081
74092
74094
74096
74102
74103
74104
74105
74106
74108
74114
74120
74122
74123
74125
74126
74127
74133
74137
74140
74142
74143
74144
74147
74148
74149
74152
74153
74155
74159
74167
74178
74185
74186
74189
74190
74192
74194
74197
74198
74202
74205
74206
74211
74213
74229
74238
74239
74241
74246
74251
74252
74253
74255
74256
74257
74268
74270
74277
74287
74302
74309
74315
74316
74318
74320
74322
74325
74340
74343
74349
74352
74355
74356
74365
74366
74370
74375
74377
74383
74386
74392
74393
74396
74407
74411
74412
74413
74424
74440
74442
74443
74451
74453
74456
74467
74476
74477
74478
74479
74480
74481
74486
74488
74492
74493
74498
74513
74533
74548
74549
74551
74559
74562
74563
74568
74570
74577
74585
74596
74601
74610
74614
74616
74617
74637
74645
74665
74670
74682
74684
74716
74718
74729
74732
74741
74747
74754
74761
74762
74763
74766
74772
74775
74776
74777
74781
74782
74838
74840
74841
74868
74890
74895
74901
74953
74996
74998
75019
75050
75051
75062
75079
75089
75116
75135
75141
75146
751556
75172
75202
75210
75212
75221
75234
75255
75259
75292
75296
75302
75316
75317
75406
75416
75420
75423
75425
75426
75430
75452
75472
75475
75516
75530
75533
75538
75540
75547
75560
75565
75568
75571
75572
75578
75580
75590
75593
75599
75605
75607
75612
75614
75616
75620
75623
75627
75646
75660
75668
75678
75686
75687
75690
75695
75705
75710
75712
75717
75723
75725
75729
75731
75734
75735
75744
75758
75761
75764
75767
75788
75796
75805
75841
75860
75894
75901
75905
75906
75909
75913
75914
75956
75964
75965
75973
75974
75985
75991
76014
76022
76041
76044
76051
76072
76080
76089
76108
76113
76123
76130
76132
76137
76157
76178
76187
76192
76199
76205
76219
76229
76233
76238
76246
76252
76257
76260
76263
76265
76267
76273
76281
76282
76293
76295
76299
76302
76303
76306
76308
76338
76355
76367
76380
76406
76408
76411
76429
76432
76438
76441
76448
76453
76457
76459
76464
76467
76479
76483
76486
76498
76499
76500
76501
76507
76508
76509
76522
76524
76527
76547
76551
76559
76560
76563
76566
76574
76580
76589
76594
76608
76614
76626
76630
76642
76650
76686
76687
76688
76707
76709
76719
76737
76763
76775
76779
76784
76787
76788
76793
76799
76800
76804
76808
76809
76816
76820
76826
76832
76846
76863
76866
76867
76877
76884
76889
76892
76893
76899
76900
76901
76905
76915
76916
76917
76932
76938
76943
76952
76954
76959
76967
76969
76972
76976
76983
76987
77006
77011
77018
77031
77032
77034
77035
77044
77048
77053
77056
77057
77059
77087
77090
77097
77106
77116
77125
77132
77134
77252
77254
77264
77300
77305
77371
77407
77462
77519
77532
77552
77559
77573
77574
77577
77578
77579
77591
77595
77596
77604
77605
77613
77626
77633
77644
77652
77683
77697
77700
77721
77733
77771
77772
77777
77781
77782
77794
77810
77827
77832
77853
77855
77862
77864
77877
77889
77914
77929
77945
77951
77963
77974
77975
77976
77987
77994
78004
78038
78088
78100
78102
78177
78245
78246
78248
78251
78255
78267
78283
78284
78286
78294
78308
78309
78317
78321
78329
78330
78334
78339
78354
78372
78373
78388
78390
78394
78405
78408
78428
78506
78514
78521
78523
78586
78593
78610
78618
78651
78653
78655
78658
78689
78697
78718
78725
78733
78748
78749
78751
78753
78754
78755
78757
78771
78772
78785
78787
78795
78797
78798
78829
78832
78834
78878
78885
78887
78891
78892
78893
78894
78896
78903
78906
78912
78913
78921
78923
78925
78926
78934
78935
78937
78938
78943
79044
790911
791088
791284
791290
791370
791378
791396
791407
79196
79201
79202
79233
79235
79264
79362
79456
79464
79554
79555
79560
79566
80280
80281
80283
80284
80286
80288
80289
80290
80292
80294
80517
80708
80718
80720
80721
80743
80748
80750
80751
80752
80794
80795
80797
80837
80838
80859
80860
80876
80879
80880
80883
80885
80886
80888
80890
80892
80902
80904
80907
80911
80912
80914
80915
80981
80982
80985
80987
81004
81018
81489
81500
81535
81601
81630
81701
81840
81896
81907
81910
83395
83396
83409
83429
83431
83435
83436
83453
83486
83490
83492
83493
83554
83602
83603
83671
83672
83673
83679
83701
83767
83768
83771
83797
83813
83814
83815
83921
83925
83945
83946
83961
83964
83965
84004
84035
84094
84113
84506
84585
84652
85030
85308
89867
93671
93673
93674
93679
93683
93684
93685
93687
93689
93691
93692
93694
93697
93699
93701
93702
93703
93704
93705
93706
93708
93709
93712
93713
93714
93715
93722
93723
93732
93734
93736
93737
93739
93742
93747
93757
93759
93760
93762
93765
93834
93837
93840
93842
93843
93871
93878
93887
93889
93892
93897
93960
93961
94040
94043
94045
94062
94063
94065
94067
94088
94091
94093
94094
94109
94176
94178
94179
94180
94181
94184
94185
94191
94192
94212
94216
94218
94219
94230
94242
94246
94249
94275
94279
94315
94332
94346
94353
97031
97064
97112
97114
97130
97165
97387
97476
97484
97487
97541
97761
97820
97827
97863
97961
97998
98053
98170
98238
98258
98267
98363
98366
98388
98396
98402
98403
98417
98432
98496
98682
98711
98732
98733
98758
98766
98828
98845
98910
98932
98952
98999
99003
99010
99031
99035
99045
99138
99151
99152
99167
99311
99326
99334
99371
99375
99412
99439
99526
99571
99586
99633
99650
99681
99683
99696
99712
99887
99889
99899
99982
