100017
100034251
100034361
100036572
100037262
100037283
100038347
100038359
100038378
100038464
100038537
100038571
100038614
100038668
100038725
100038730
100038735
100038746
100038882
100039179
100039252
100039636
100039768
100039781
100039786
100039796
100039826
100039864
100040044
100040049
100040220
100040297
100040505
100040543
100040944
100041012
100041085
100041106
100041120
100041194
100041231
100041379
100041490
100041576
100041585
100041649
100041655
100041677
100041678
100041797
100042023
100042049
100042069
100042332
100042464
100042480
100042514
100042561
100042773
100042802
100042807
100042856
100042918
100043002
100043027
100043039
100043059
100043102
100043133
100043160
100043189
100043240
100043324
100043407
100043424
100043497
100043571
100043600
100043766
100043772
100043823
100043899
100045066
100045778
100046095
100047183
100049161
100087
100090
100101806
100114901
100121
100123473
100125262
100125263
100127111
100129
100141474
100163
100169
100169874
100177
100182
100198
100201
100206
100217420
100217437
100233175
100233208
100271841
100273
100302730
100303744
100316839
100316932
100317
100336
100342
100383
100417829
100434
100470
100494
100502649
100502669
100502673
100502720
100502736
100502816
100502841
100502854
100502856
100502861
100502874
100502897
100502920
100502938
100503000
100503021
100503041
100503043
100503085
100503101
100503104
100503109
100503157
100503192
100503222
100503265
100503289
100503307
100503332
100503334
100503361
100503381
100503471
100503562
100503595
100503605
100503619
100503620
100503659
100503676
100503685
100503754
100503759
100503764
100503810
100503816
100503869
100503884
100503907
100503915
100503974
100504018
100504027
100504051
100504084
100504089
100504114
100504127
100504178
100504191
100504196
100504234
100504287
100504344
100504395
100504399
100504401
100504512
100504519
100504539
100504549
100504608
100504611
100504637
100504641
100504714
100504925
100505050
100526463
100526467
100526469
100526505
100529082
100532
100604
100616095
100628584
100628593
100628626
100662
100683
100689
100689703
100705
100732
100737
100756
100855
100861595
100861601
100861620
100861633
100861649
100861712
100861722
100861787
100861837
100861855
100861883
100861900
100861986
100862027
100862081
100862191
100862213
100978
100993
101023
101142
101197
101202
101206
101214
101437
101488
101489
101490
101497
101502
101513
101533
101543
101565
101568
101592
101631
101700
101739
101809
101861
101966
101994
102075
102093
102103
102115
102141
102182
102209
102247
102339
102371
102414
102462
102502
102566
102570
102580
102595
102623
102632
102747
102774
102857
103080
103136
103140
103149
103172
103199
103220
103236
103266
103268
103406
103466
103468
103537
103551
103554
103573
103655
103677
103694
103733
103743
103768
103784
103841
103889
103963
103967
104001
104009
104027
104082
104099
104110
104111
104112
104156
104174
104184
104271
104303
104346
104383
104418
104444
104445
104458
104582
104601
104625
104681
104718
104725
104776
104799
104923
104943
105000
105005
105083
105148
105193
105283
105298
105348
105377
105450
105504
105722
105727
105782
105785
105787
105827
105837
105841
105844
105853
105855
105859
105975
106021
106064
106068
106143
106205
106248
106264
106347
106504
106512
106529
106618
106628
106639
106672
106759
106766
106861
106869
106877
106878
106947
106952
106957
107045
107047
107094
107173
107182
107197
107221
107227
107271
107272
107305
107338
107350
107351
107375
107448
107449
107476
107503
107508
107513
107515
107522
107526
107528
107566
107568
107569
107581
107587
107589
107652
107656
107684
107686
107723
107733
107767
107817
107829
107895
107939
108013
108015
108017
108052
108058
108062
108075
108078
108079
108089
108096
108097
108115
108116
108124
108143
108147
108150
108155
108160
108645
108653
108655
108657
108660
108664
108671
108672
108673
108682
108687
108689
108699
108705
108707
108735
108737
108797
108800
108897
108927
108934
108943
109006
109042
109050
109054
109065
109082
109095
109115
109129
109145
109151
109154
109161
109169
109181
109202
109212
109242
109246
109263
109264
109270
109284
109294
109305
109331
109332
109333
109552
109620
109648
109652
109672
109676
109689
109700
109711
109731
109801
109815
109857
109900
109901
109905
109910
109978
110006
110078
110084
110095
110135
110147
110172
110173
110198
110208
110213
110253
110257
110265
110279
110310
110323
110350
110351
110355
110379
110385
110417
110446
110454
110460
110524
110532
110557
110596
110611
110751
110784
110816
110821
110826
110842
110876
110877
110895
110911
110935
110948
110959
110960
111173
111175
112405
112407
112418
112422
11302
11307
11308
11363
11364
11370
113868
11409
114128
114143
11418
11419
11421
114229
11423
114249
114255
11426
11428
11429
11430
114304
11433
11443
114479
114585
11459
114601
114604
114606
114643
114644
114654
114663
114664
114676
114679
11468
114715
114716
11475
114774
11479
11480
11482
11486
114863
114868
11487
114874
11488
114886
114896
11490
11504
11518
11520
11522
11529
11534
11535
11545
11546
11549
11551
11553
11554
11555
11565
11566
11568
11606
11607
11610
11622
11629
11630
11632
11636
11637
11640
11641
11647
11651
11656
11658
11669
11670
116701
11671
11682
116838
116847
11685
116870
116873
11690
11692
116972
11702
117109
117160
11717
117198
11732
11735
11736
11737
11739
11740
11744
11745
11746
11747
11752
11757
117591
117592
117599
117600
117606
11761
11764
11765
11768
11769
11770
11772
11773
11774
11776
11777
11782
11785
11787
11790
11793
11797
11798
11803
11804
11810
11815
11816
11819
11820
11826
11830
11835
11839
11840
11841
11842
11845
118453
11846
11853
11854
11856
11857
11863
11864
11865
11875
11881
11891
11898
11910
11928
11933
11936
11938
11941
11946
11950
11951
11964
11966
11972
11973
11974
11975
11979
11980
11981
11982
11984
11987
11988
11989
11990
11993
12005
12010
12013
12014
12015
12017
12018
12021
12023
12033
12036
12039
12041
12042
12043
12048
12051
12055
12062
12064
12068
12069
12070
12091
121021
121022
12111
12121
12122
12124
12125
12153
12156
12164
12166
12167
12168
12169
12173
12176
12177
12181
12190
12193
12212
12215
12223
12224
12227
12228
12231
12234
12237
12257
12258
12263
12265
12266
12268
12279
12283
12288
12306
12309
12310
12315
12317
12319
12326
12333
12337
12340
12345
12349
12351
12353
12359
12362
12363
12366
12367
12368
12388
12389
12390
12393
12400
12406
12409
12411
12416
12419
12421
12428
12443
12448
12450
12454
12468
12479
12480
12483
12484
12488
12490
12491
12492
12494
12495
12496
12497
12499
12501
12505
12509
12512
12514
12520
12521
12527
12530
12539
12549
12552
12554
12557
12560
12561
12562
12567
12568
12572
12575
12576
12577
12578
12580
12583
12585
12587
12589
12593
12606
12608
12613
12614
12616
12617
12626
12628
12632
12633
12638
12642
12643
12654
12659
12660
12661
12662
12663
12667
12669
12671
12675
12683
12696
12702
12703
12704
12705
12709
12716
12722
12724
12725
12728
12738
12739
12740
12747
12750
12752
12753
12757
12759
12767
12778
12793
12794
12797
12798
12801
12804
12808
12814
12815
12816
12821
12826
12827
12830
12835
12837
12839
12840
12841
12846
12847
12856
12857
12858
12859
12861
12864
12867
12868
12870
12876
12890
12892
12896
12904
12905
12908
12909
12913
12916
12925
12927
12928
12934
12943
12945
12953
12959
12962
12971
12972
12974
12977
12983
12984
12988
12990
12991
12992
12993
12994
13001
13008
13010
13014
13019
13025
13026
13030
13032
13033
13034
13036
13039
13046
13048
13052
13057
13058
13078
13081
13107
13110
13113
13116
13120
13132
13134
13135
13144
13167
13175
13179
13180
13197
13200
13202
13244
13345
13346
13349
13350
13353
13356
13358
13371
13382
13385
13388
13395
13400
13405
13406
13409
13421
13430
13434
13436
13447
13448
13449
13476
13478
13480
13483
13491
13496
13498
13506
13508
13527
13528
13537
13544
13560
13591
13592
13593
13595
13602
13603
13607
13608
13609
13614
13617
13619
13631
13638
13639
13640
13642
13643
13645
13653
13654
13655
13656
13660
13661
13664
13666
13667
13669
13685
13688
13710
13711
13713
13716
13723
13730
13731
13732
13800
13803
13804
13805
13806
13807
13808
13821
13822
13823
13829
13830
13831
13836
13838
13841
13842
13845
13846
13848
13849
13850
13852
13853
13855
13858
13860
13866
13870
13871
13872
13875
13876
13924
13972
13982
13992
13999
14004
14007
14009
14026
14027
14038
14042
14043
140474
140481
140483
140484
14049
140571
140577
140579
140580
14061
14062
14063
140630
14066
14067
14073
140740
140742
140743
14077
140780
140792
14081
140810
14084
14085
140859
14102
14104
14114
14115
14118
14119
14120
14123
14132
14137
14151
14154
14156
14159
14160
14163
14164
14166
14168
14182
14183
14184
14187
14190
14191
14199
14200
14201
14205
14211
14218
14219
14221
14226
14230
14233
14236
14239
14245
14247
14251
14252
14254
14256
14261
14262
14264
14265
14268
142682
142688
14269
14272
14275
14276
14281
14282
14283
14296
142980
14299
14313
14314
14319
14325
14339
14345
14348
14356
14359
14360
14362
14365
14366
14367
14368
14369
14376
14387
14388
14390
14415
14420
14423
14425
14426
14430
14455
14456
14457
14461
14465
14466
14467
14470
14479
14536
14537
14538
14539
14544
14547
14555
14563
14567
14569
14573
14579
14580
14583
14584
14586
14587
14590
14593
14594
14595
14598
14600
14605
14609
14612
14615
14619
14620
14621
14622
14623
14626
14629
14632
14633
14634
14645
14658
14660
14663
14667
14672
14674
14675
14677
14678
14679
14683
14687
14696
14697
14700
14701
14702
14705
14710
14711
14718
14719
14724
14725
14732
14733
14735
14745
14748
14751
14755
14756
14758
14768
14775
14778
14782
14783
14788
14789
14807
14809
14815
14823
14824
14853
14854
14859
14860
14862
14863
14865
14871
14873
14884
14897
14910
14911
14917
14923
14933
14950
14957
14958
14962
14964
14972
14977
14979
14991
14998
14999
15000
15002
15006
15015
15018
15039
15040
15064
15107
15108
15109
15114
15115
15116
15117
15122
15129
15139
15159
15161
15162
15168
15170
15183
15184
15185
15186
15191
15199
15204
15208
15211
15212
15213
15214
15216
15220
15223
15248
15258
15277
15288
15289
15353
15354
15356
15357
15360
15368
15370
15374
15375
15377
15381
15382
15388
15410
15412
15417
15439
15446
15450
15451
15452
15458
15460
15463
15465
15469
15473
15476
15478
15481
15482
15484
15488
15490
15500
15507
15511
15512
15526
15531
15552
15562
15574
15893
15894
15900
15901
15902
15903
15904
15929
15930
15932
15936
15950
15951
15953
15979
15982
16000
16001
16002
16005
16008
16010
16011
16012
16145
16150
16156
16164
16168
16169
16172
16177
16179
16180
16181
16185
16186
16190
16193
16194
16201
16202
16206
16210
16322
16323
16324
16328
16332
16336
16348
16362
16363
16364
16365
16367
16371
16372
16391
16396
16398
16399
16403
16404
16410
16413
16416
16418
16419
16423
16425
16430
16431
16432
16440
16443
16449
16452
16453
16456
16468
16469
16476
16498
16499
16500
16504
16508
16510
16511
16514
16516
16518
16525
16530
16531
16534
16538
16542
16543
16548
16561
16562
16564
16565
16568
16569
16570
16573
16574
16576
16578
16579
16589
16591
16597
16598
16600
16601
16650
16651
16658
16660
16661
16664
16665
16669
16678
16682
16687
16688
16706
16709
16763
16764
16770
16772
16774
16776
16779
16780
16783
16800
16801
16803
16818
16826
16840
16847
16848
16854
16858
16859
16865
16880
16881
16882
16889
16890
16891
16905
16907
16909
16911
16913
16917
16918
16922
16939
16956
16971
16973
16974
16975
16976
16977
16978
16980
16987
16993
16997
16998
170441
170442
170460
170484
17060
170625
17063
17064
170643
17067
170676
170677
17068
17069
170706
170718
170720
170721
170722
170725
170728
170731
170740
170741
170742
170750
170753
170755
170756
170757
170759
17076
170763
170765
170768
170787
170791
170799
170822
170835
17087
170938
170947
17101
171095
17112
171180
171207
17121
171210
171212
17122
17127
17128
171281
171282
171283
171284
17129
17130
17132
17133
171388
171486
171504
17152
17153
171531
17155
17156
17158
171580
17160
17161
17168
17169
17174
17175
17178
17181
17183
17189
17190
17192
17207
17250
17254
17256
17257
17259
17260
17261
17268
17274
17286
17289
17294
17300
17305
17308
17309
17311
17314
17318
17329
17330
17341
17346
17349
17354
17357
17380
17385
17387
17388
17389
17427
17434
17436
17448
17449
17463
17470
17475
17480
17527
17532
17533
17537
17684
17685
17687
17690
17691
17698
17701
17702
17705
17706
17708
17709
17710
17711
17713
17714
17716
17717
17718
17719
17720
17721
17722
17725
17748
17750
17755
17756
17760
17761
17764
17765
17769
17775
17826
17829
17831
17850
17858
17863
17864
17869
17873
17880
17884
17886
17896
17907
17909
17912
17913
17918
17929
17936
17948
17951
17952
17961
17965
17966
17967
17970
17974
17978
17979
17984
17986
17988
17991
17992
17993
17995
17996
17997
17999
18007
18010
18015
18019
18025
18027
18030
18032
18033
18036
18037
18041
18044
18045
18046
18074
18080
18082
18087
18104
18107
18109
18111
18115
18121
18124
18126
18127
18128
18129
18131
18133
18141
18146
18160
18162
18163
18164
18174
18187
18188
18190
18191
18201
18203
18208
18212
18220
18221
18223
18227
18230
18242
18263
18295
18300
18301
18302
18356
18383
18391
18405
18414
18430
18438
18440
18441
18451
18453
18458
18475
18483
18484
18491
18518
18526
18536
18538
18541
18542
18546
18551
18553
18554
18555
18559
18563
18569
18570
18571
18574
18577
18582
18583
18595
18596
18597
18599
18600
18604
18605
18607
18612
18613
18616
18624
18627
18631
18636
18640
18641
18642
18643
18647
18648
18654
18655
18667
18669
18671
18674
18679
18685
18693
18700
18703
18704
18705
18707
18708
18709
18710
18717
18718
18738
18739
18744
18750
18752
18754
18755
18760
18763
18768
18769
18772
18783
18784
18787
18789
18791
18792
18795
18798
18799
18803
18805
18807
18810
18812
18822
18826
18828
18829
18830
18844
18845
18846
18854
18858
18951
18952
18968
18969
18971
18975
18988
18991
19012
19013
19016
19018
19023
19025
19027
19035
19039
19041
19042
19045
19046
19047
19049
19052
19058
19062
19070
19072
19073
19082
19084
19087
19088
19091
19094
19099
19106
19111
19116
19122
19123
19125
19126
19130
19134
19141
19155
19156
19157
191578
19159
19164
19165
19172
19177
19179
19181
19182
19183
19184
19185
19193
19200
19201
19204
19205
19206
19211
192113
192119
192120
192136
192156
192160
192164
192166
192169
19217
192173
192174
192185
192187
19219
192190
192192
192193
192197
192199
192200
192212
192216
192231
19224
19225
192285
19229
19230
19231
19240
19242
19246
19248
19249
19253
19255
19258
19259
19260
19261
19263
192653
192654
192656
192657
192662
192663
19267
192678
19270
19271
19272
19273
192734
19274
19279
19280
19283
19285
19288
19289
19290
192950
19296
192970
19299
19300
19301
19302
19303
193043
19305
19309
19324
19328
19330
19331
19334
19335
19338
193385
19339
19340
19341
19342
19344
193452
19349
19359
19363
19364
193740
19376
193813
19386
19401
19411
194126
19414
19415
19416
19417
19418
19419
194268
194388
194401
194744
194952
195208
195209
195531
195727
195733
19645
19650
19653
19654
19659
19663
19672
19679
19682
19695
19696
19698
19703
19714
19716
19719
19725
19726
19729
19730
19732
19734
19735
19736
19737
19739
19752
19765
19769
19775
19819
19820
19822
19824
19870
19876
19878
19881
19883
19934
20014
20018
20020
20111
20128
20129
20148
20166
20167
20168
20174
20181
20187
20190
20194
20195
20198
20200
20201
20208
20209
20210
20218
20226
20229
20230
20239
20249
20250
20257
20259
20266
20276
20277
20284
20286
20296
20297
20300
20305
20306
20308
20309
20312
20316
20318
20319
20321
20324
20333
20334
20335
20336
20338
20339
20340
20341
20342
20344
20347
20350
20351
20353
20355
20356
20360
20362
20363
20364
20377
20382
20383
20390
20394
20401
20402
20409
20410
20411
20420
20440
20442
20443
20447
20448
20460
20462
20463
20475
20479
20480
20481
20482
20492
20496
20500
20501
20503
20509
20512
20514
20515
20516
20519
20522
20524
20525
20527
20529
20530
20531
20534
20536
20537
20539
20544
20557
20591
20598
20602
20603
20613
20615
20618
20619
20620
20621
20637
20639
20641
20649
20652
20656
20660
20661
20662
20663
20665
20670
20677
20679
20680
20681
20682
20683
20684
20686
20688
20692
20715
20716
20717
207175
207181
207182
20719
207212
207214
20723
20724
207259
207278
207304
207375
20742
20744
20745
20747
20750
20753
207565
207592
207596
20760
207607
207615
20768
207686
207728
207740
20775
20776
207777
20778
207785
20779
20787
20788
207911
207920
207952
208076
20810
208104
20811
208111
208117
20817
20818
208198
20821
20822
208228
20826
208285
20832
20833
208366
20840
20841
20843
208439
20844
208440
208449
20847
20849
20850
20852
20855
20856
208595
208606
208618
208638
208643
208647
208659
20866
20868
208691
20872
208727
208768
208777
208795
208820
208869
208884
208890
208898
208908
208922
208943
208967
20897
208982
208994
209003
209012
209027
209032
209039
20907
20908
209086
20909
20910
20911
20913
209131
20916
20917
209195
209212
20922
20924
20926
20927
20930
209318
20932
209354
209357
209378
209446
209462
20947
209478
209588
20962
20963
20965
209683
20969
209692
20970
209707
209737
209743
20975
20980
209815
210027
210029
210035
210104
210105
210135
210146
210172
210293
210297
210356
210530
210544
210573
210719
210762
210789
210801
210808
210973
210992
210998
211007
211187
211329
211347
211378
211389
211468
211480
211482
211535
211548
211550
211623
211651
211652
211945
211948
211949
212073
212090
212153
212167
212168
212198
212276
212281
212307
212326
212391
212398
212514
212539
212547
212627
212632
212647
212706
212728
212733
212862
212898
212933
212943
212974
212986
212998
212999
213011
213012
213019
213053
213068
213081
213121
213171
213208
213211
213326
21333
213393
21341
213417
213452
21346
21351
213522
21353
213539
21355
21356
213573
213575
213582
213649
213673
213696
21371
213742
21376
213760
213783
213811
213827
21386
213945
213948
213993
21400
21401
21402
214048
21406
21411
21413
214137
21415
214162
21417
21419
21420
21422
21423
214230
214239
214240
21425
21428
21429
214290
214345
214424
214425
214444
214459
214505
214523
214531
214575
214579
214585
214593
214597
214627
21463
214639
214642
214685
214763
214764
214791
214854
214855
214895
214932
214968
215015
215051
215085
215113
215114
215160
215210
215257
215303
215384
215418
215446
215449
215476
215615
215627
215632
215690
215693
215707
215723
215748
215789
215798
215814
215819
215866
215951
215999
216049
216080
216131
216134
216148
216150
216161
216169
216177
216197
216233
216238
216274
216345
216350
216395
216440
216443
216456
216505
216516
216543
216549
216551
216558
216560
216565
216578
216616
216618
21664
216643
216705
216725
216742
21677
21678
21679
216792
216795
21681
216810
21682
216821
216829
216831
216846
216848
21685
216850
216853
216856
216858
216859
216860
216867
21687
216873
216874
216877
216892
216961
216964
217031
217039
217069
217082
217119
217124
217125
217138
217154
217169
217194
217201
217207
217217
217265
217294
217310
217316
217325
217331
217333
217335
217337
217340
217344
217356
217365
217370
217371
217378
217379
217410
217430
217449
217517
21753
217536
217578
21761
217615
21763
21767
217682
217684
217692
217695
217698
217700
217705
21778
21780
217830
217864
21787
21788
217887
217944
217946
217980
21802
21803
21804
21808
21812
218121
218138
21814
21816
218194
218203
218214
218215
218232
21824
21825
21826
21827
218311
218314
21833
218333
218335
21834
218341
21835
21844
21846
218476
21848
218543
218544
21857
21858
21859
218613
218630
218639
218693
218699
21871
21872
218756
21877
218793
21881
218811
218850
21887
218877
21888
218914
21892
218952
218973
21898
21899
219022
219024
219033
21906
219094
21912
219131
219132
219135
219140
219148
219151
219158
21922
21923
21927
21928
21934
21936
21938
21939
21942
21944
21946
21950
21951
21953
21954
21956
21960
21973
21976
21981
21982
21985
21990
22003
22004
22019
22021
22022
22029
22032
22035
22038
22040
22041
22042
22051
22061
22068
22083
22110
22117
22122
22129
22130
22134
22138
22142
22145
22153
22154
22156
22166
22169
22174
22190
22192
22194
22201
22209
22213
22218
22221
22222
22225
22229
22232
22234
22239
22240
22253
22258
22260
22269
22270
22272
22273
22275
22282
22288
22289
22317
22318
22319
22320
22323
22324
22325
223255
223267
22334
22335
22337
22340
22341
223453
223473
223499
22351
22352
223527
22354
22359
223593
223601
223626
223642
223646
223648
223649
223650
223658
223672
22368
223693
22370
22371
223722
22373
223732
223739
22375
223752
223753
223770
223775
22381
22385
223864
22388
223917
223921
223922
22393
223978
223989
224014
224023
224024
22403
224045
224079
224090
224093
22411
224111
224116
224132
224139
224143
22417
22418
22419
22422
22427
224273
22428
22433
224344
22436
224405
224432
224454
224523
224530
224585
224613
224617
224624
224647
224697
224705
224742
224792
224796
224807
224829
224833
224836
224860
224902
224912
224997
225027
225049
225055
225115
225164
225187
225207
225339
225432
225523
225651
225655
225724
225791
225849
225861
225870
225875
225888
225908
22591
22594
22598
225995
225997
22601
226016
226040
226041
226043
226075
226089
226090
226098
226122
226123
226144
226153
226154
226245
226250
226251
226252
226255
22629
22630
22632
22634
226351
226352
22640
226407
226419
22642
226421
22643
22646
22648
226499
226517
226519
22652
226525
22654
226594
226604
226641
226646
22666
22670
226744
226751
226757
226777
22680
22682
226823
226841
226844
22685
226856
22688
22689
22691
22694
22695
22696
226971
226977
22698
226982
226999
22701
227058
22709
227094
227095
227099
22710
227120
22715
227154
227157
22718
227197
22720
227210
22724
227290
227326
227327
227394
227446
227449
227485
22751
227522
22754
227545
22756
22758
22759
227615
22762
227620
227624
227638
227656
227671
227699
227717
227721
227743
227746
22775
227753
22776
22778
22779
22781
22782
22785
22791
227929
22793
227933
227937
228005
228012
228033
228071
228356
228357
228359
228432
228536
228543
228550
228576
228598
228608
228677
228714
228730
228765
228775
228778
228785
228788
228790
228807
228846
228852
228858
228866
228869
228875
228876
228911
228961
228983
228994
228998
229003
229007
229011
229055
229096
229211
229285
229445
229473
229512
229521
229534
229541
229542
229589
229595
229615
229665
229672
229675
229697
229699
229707
229722
229731
229776
229877
229900
229906
229927
229933
230073
230075
230098
230103
230119
230125
230157
230279
230316
230500
230514
230576
230577
230582
230594
230597
230648
230721
230726
230734
230737
230766
230779
230789
230809
230810
230815
230822
230824
230837
230857
230861
230863
230866
230872
230895
230904
230908
230967
230971
230972
230979
230991
230996
231003
231004
231050
231070
231086
231103
231128
231130
231162
231207
231214
231225
231238
231253
231327
231329
231380
231413
231440
231464
231470
231507
231549
231580
231583
231600
231605
231637
231668
231717
231807
231821
231830
231834
231858
231861
231863
231866
231868
231871
231872
231874
231887
231889
231912
231915
231931
231946
231991
232016
232023
232035
232078
232086
232087
232089
232146
232156
232157
232164
232174
232187
232210
232227
232232
232237
232286
232314
232334
232371
232409
232430
232431
232440
232441
232449
232491
232536
232560
232566
232664
232670
232748
232784
232807
232853
232875
232889
232910
232933
232943
232944
232947
232970
232976
232983
232984
232987
233057
233058
233060
233064
233115
233168
233199
233204
233210
233280
233328
233335
233489
233490
233529
233532
233545
233552
233571
233575
233637
233649
233651
233733
233744
233781
233805
233806
233826
233865
233876
233877
233890
233900
233905
233908
233913
233977
233979
233987
234023
234076
234086
234094
234311
234344
234353
234358
234366
234373
234384
234395
234407
234515
234577
234582
234593
234595
234678
234686
234728
234729
234733
234734
234740
234776
234796
234854
234875
234889
234915
234967
235041
235044
235047
235048
235072
235086
235130
235134
235169
235184
235283
235293
235300
235315
235320
235323
235339
235380
235402
235406
235442
235469
235472
235493
235497
235504
235527
235533
235534
235542
235574
235584
235599
235623
235626
235661
235674
235907
236193
236539
236643
236727
236733
236790
236792
236900
236920
237010
237052
237073
237082
237107
237175
237256
237397
237412
237500
237504
237711
237769
237823
237859
237860
237886
237887
23789
237898
23790
23794
237943
23796
23797
238021
238037
23805
23807
238076
238130
23821
238252
238257
23830
238317
238323
238328
23834
23844
238455
23849
23853
23854
238555
238690
238693
23871
23876
23881
23882
238831
23886
23888
239027
23908
239096
239102
239114
239122
239126
23917
23918
239188
23921
239217
23922
239273
239319
239337
23934
23936
23939
239393
23942
23943
23945
23947
239510
239546
239552
239554
239555
23959
23960
23961
23962
23963
23964
23966
239719
23972
239760
239796
23980
23983
239833
239839
239845
23986
23989
23991
23996
24000
24001
240025
240028
240034
240038
24004
240041
240047
240055
240057
240064
240066
240067
24010
240120
24014
24015
240185
240216
240255
240261
240263
240283
24030
240327
240328
240334
240427
24044
240442
24045
24050
240505
24051
24056
24058
24059
240614
24063
240633
240638
24066
24067
24068
24070
240725
24074
240753
240756
24082
24083
240832
24086
24088
240888
240894
240913
241035
241062
241075
24108
24109
24110
24115
24117
241226
241230
241274
24128
241289
24131
241311
24132
241322
24136
241447
241525
241576
241612
241624
241639
241732
241846
241877
241915
242022
242122
242126
242202
242274
242362
242377
242418
242425
242466
242474
242481
242484
242521
242584
242585
242642
242662
242669
242700
242747
242860
242864
242894
242960
243300
243308
243328
243339
243362
243369
243371
243373
243382
243385
243510
243538
243574
243725
243743
243771
243842
243864
243867
243900
243905
243906
243910
244141
244152
244238
244329
244373
244418
244556
244579
244585
244608
244631
244646
244668
244698
244757
244853
244891
244895
245000
245007
245020
245049
245050
245128
245174
245368
245386
245404
245469
245522
245527
245595
245596
245607
245631
245638
245666
245670
245671
245688
245695
245827
245847
245857
245860
245866
245877
245886
245945
246102
246133
246198
246228
246257
246316
246691
246727
246728
246730
246747
246788
252838
252870
252972
252973
257632
257633
257635
259277
259279
259300
260297
260305
260315
263406
26357
26360
26362
26363
26364
26366
26370
263764
26378
26379
26380
26381
26382
263876
26388
26396
26397
26399
26400
26401
26404
264064
26407
26408
26409
26410
264134
26415
26417
26419
26420
26422
26426
26427
26428
26430
26431
26433
26443
26445
26447
26448
26450
26451
26456
26457
26458
26462
26465
264895
26554
26556
26557
26559
26563
26564
26569
26570
26611
266692
266781
268281
268291
268294
268297
268390
268395
268451
268465
268469
268480
268512
268534
268564
268566
268656
268663
268670
268739
268741
268749
268752
268759
268780
268782
268822
26885
268878
268882
26889
268933
26894
26897
268970
268973
26898
268980
269003
26901
269016
269023
26903
269061
269094
269116
26912
269120
269132
269152
269181
26919
26920
269209
26921
26922
269233
269252
26926
26931
269328
269346
269356
26936
269389
269401
26941
26942
269423
269523
269529
269585
269587
269589
269593
269604
269615
269642
269700
269704
269717
269774
269823
269854
26987
269881
269951
269994
270035
270058
270076
270086
270091
270109
270110
27015
270163
270166
270198
270201
270210
27053
27054
27055
27056
27057
27058
27059
270672
270685
27078
270802
27081
27083
27096
271005
271305
271377
271844
27205
27214
27219
27223
27224
272347
272396
272465
272538
272589
27260
27267
27273
27276
27277
27280
27354
27357
27360
27361
27366
27368
27369
27375
27376
27377
27384
27386
27388
27392
27398
27402
27404
27406
27412
27413
27416
27419
27426
27494
27528
27643
276770
27681
276829
276846
276852
276919
276950
277010
277154
277360
277396
277463
277898
277939
277973
27801
278097
278240
27878
278795
27883
279028
279029
279706
27979
27999
28006
28010
28018
28019
28040
280408
280411
28064
280645
280668
28075
28080
28084
28088
28105
28106
28113
28114
28146
28169
28185
28199
28200
28240
28250
28254
282619
28295
286940
286942
29806
29807
29808
29809
29811
29812
29813
29815
29817
29820
29856
29858
29863
29870
29871
29873
29875
29877
30045
30046
30049
30051
30055
30060
30794
30795
30805
30838
30840
30853
30878
30930
30931
30932
30933
30934
30935
30938
30941
30945
30948
30954
30955
30956
30960
30963
317677
317717
317757
317758
319158
319164
319189
319190
319207
319263
319269
319317
319352
319387
319430
319433
319446
319448
319454
319475
319477
319481
319482
319508
319513
319518
319530
319535
319545
319555
319565
319604
319613
319616
319618
319622
319625
319651
319655
319670
319675
319689
319710
319713
319719
319757
319801
319804
319817
319822
319830
319832
319845
319859
319876
319880
319885
319899
319929
319939
319940
319945
319996
320011
320022
320024
320078
320080
320091
320099
320127
320150
320158
320159
320162
320165
320181
320183
320204
320209
320225
320226
320234
320256
320267
320271
320273
320277
320292
320299
320301
320302
320309
320311
320365
320404
320405
320415
320435
320495
320506
320507
320508
320554
320557
320560
320571
320586
320595
320609
320615
320633
320661
320662
320683
320706
320709
320713
320714
320718
320727
320749
320772
320782
320790
320795
320802
320806
320816
320817
320825
320844
320865
320878
320910
320916
320924
320947
320951
320982
320997
321022
326622
326623
327744
327762
327959
327978
327987
328035
328108
328232
328258
328287
328329
328365
328399
328424
328451
328561
328779
328949
328968
329002
329015
329064
329065
329152
329154
329165
329217
329360
329384
329506
329540
329559
329584
329650
329659
329679
329727
329739
329795
329872
329908
329941
330010
330064
330119
330189
330192
330230
330260
330267
330286
330319
330323
330450
330463
330474
330483
330502
330503
330577
330662
330671
330788
330812
330814
330836
330890
331026
331623
332110
332131
332221
332579
333182
333433
333654
333883
338320
338349
338354
338365
338366
338367
338368
338372
338417
347722
353047
353156
353169
353170
353172
353211
353235
353237
353282
353310
353342
353502
360013
360213
378460
378462
378466
378702
380614
380629
380664
380694
380711
380713
380718
380752
380753
380787
380836
380850
380855
380912
380921
380924
380928
380930
380993
381022
381067
381073
381085
381101
381126
381148
381175
381201
381217
381224
381232
381259
381290
381314
381337
381356
381406
381410
381485
381546
381549
381598
381605
381628
381633
381644
381650
381694
381801
381810
381820
381823
381835
381836
381921
381925
381979
381983
382019
382051
382207
382423
382571
382620
382913
382985
383295
383326
384009
384071
384185
384783
385354
385658
385674
386454
386463
386612
386649
387220
387314
387609
399603
402747
402757
403187
404634
406217
406218
406219
406223
407785
407786
407788
407795
407812
408022
408028
408057
408062
408064
408065
408068
414085
432466
432467
432479
432486
432530
432572
432731
432763
432769
432770
432800
432839
432987
432995
432999
433022
433182
433375
433586
433693
433700
433759
433791
433806
433809
433926
433938
433944
434179
434215
434233
434249
434341
434428
434437
434540
434778
434794
434858
435145
435366
435684
436022
436230
442801
442802
442827
442829
442840
448987
449000
449521
494448
503610
503844
50490
50492
50493
50496
50500
50505
50524
50527
50528
50722
50753
50754
50760
50762
50766
50769
50770
50772
50781
50782
50784
50785
50787
50789
50790
50791
50794
50797
50798
50850
50868
50874
50875
50876
50877
50880
50883
50887
50905
50907
50909
50915
50917
50918
50927
50932
50933
50934
50935
50996
51789
51797
51800
51810
51813
51897
51902
51944
51960
52014
52020
52023
52024
52028
52036
52040
52055
52065
52118
52150
52163
52174
52187
52206
52318
52323
52331
52335
52397
52398
52428
52432
52440
52466
52468
52480
52513
52521
52530
52538
52585
52588
52589
52609
52633
52635
52637
52639
52653
52662
52666
52679
52696
52700
52710
52715
52793
52815
52822
52829
52837
52840
52850
52857
52864
52892
52906
53311
53312
53313
53314
53315
53317
53318
53321
53322
53323
53324
53328
53331
53332
53334
53356
53357
53375
53376
53378
53381
53414
53418
53421
53422
53599
53602
53609
53614
53620
53625
53791
53817
53857
53858
53859
53860
53861
53883
53885
53902
53945
53972
53975
54004
54120
54122
54123
54125
54126
54128
54130
54138
54139
54141
54151
54152
54153
54156
54161
54169
54188
54189
54194
54195
54196
54197
54198
54200
54201
54208
54218
54219
54325
54352
54357
54366
54367
54369
54377
54381
54384
54391
54393
54396
54403
54405
54409
54419
54420
54447
544696
54473
544752
54484
54485
544963
544971
545056
545062
545085
545091
545156
54525
545291
545370
545428
545481
545531
545539
545551
545611
545622
54563
545725
545812
545975
54598
54604
546071
54608
54610
546100
54612
546134
54614
54615
54616
54624
54632
54636
54644
54646
54648
54650
54667
54670
546723
54673
54678
54710
54711
54712
547127
547150
54720
54721
54722
54723
54725
55925
55932
55934
55946
55948
55949
55950
55951
55978
55979
55980
55983
55990
55991
56013
56016
56018
56030
56031
56041
56045
56055
56068
56072
56077
56078
56085
56087
56149
56175
56176
56177
56187
56198
56210
56218
56222
56226
56228
56233
56248
56274
56279
56280
56282
56289
56294
56295
56297
56298
56305
56306
56312
56314
56316
56318
56320
56321
56322
56323
56325
56334
56336
56338
56347
56348
56349
56353
56356
56357
56358
56360
56361
56364
56367
56368
56369
56374
56375
56376
56378
56380
56381
56382
56384
56388
56389
56398
56401
56405
56406
56407
56409
56412
56417
56418
56419
56421
56422
56426
56428
56429
56431
56434
56436
56437
56441
56443
56445
56447
56448
56451
56452
56453
56454
56455
56456
56457
56458
56460
56461
56463
56468
56469
56473
56480
56484
56485
56486
56491
56494
56495
56496
56501
56505
56508
56516
56517
56520
56524
56526
56529
56531
56538
56542
56551
56612
56613
56615
56632
56690
56692
56693
56695
56698
56699
56700
56703
56705
56707
56708
56711
56722
56724
56736
56737
56738
56741
56742
56745
56749
56752
56753
56758
56771
56774
56791
56794
56795
56809
56835
56838
56844
56847
56869
56873
56876
57028
57170
57248
57257
57261
57265
57267
57278
57279
57294
57295
57296
57317
57319
57344
57354
57357
57370
57429
57436
57437
57438
57439
57440
574405
574418
57442
57443
57741
57742
57748
57752
57764
57776
57778
57782
57810
57813
57816
57875
57912
57913
57914
58172
58176
58187
58200
58207
58220
58233
58234
58235
58238
58244
58245
58251
58520
58521
58523
58809
58859
58861
58887
58909
58998
59003
59007
59008
59009
59010
59012
59015
59021
59022
59024
59025
59027
59030
59033
59035
59038
59041
59042
59043
59045
59054
59056
59079
59092
59093
59095
59125
59290
59308
59310
60315
60411
60425
60440
60441
60455
60507
60510
60525
60530
60533
60595
60596
60599
60613
613254
619288
619331
619973
620235
620419
620986
621080
621119
621156
621837
622127
622335
622402
622404
622434
622568
622675
623230
623286
623474
623661
623688
623781
624251
624582
624866
625098
625249
625409
626359
626391
626854
627110
627371
628308
628705
628746
629016
629461
630499
630579
631624
632687
634731
635702
636104
636741
638247
63828
63857
63872
63873
63913
63953
63955
63958
64008
64009
640524
64058
64074
64095
641340
64144
64177
64291
64292
64294
64296
64297
64339
64383
64435
64436
64451
64453
64540
64602
64660
64704
64706
64833
64898
64934
64945
65079
65098
65099
65106
65112
65113
65114
65116
65221
65247
65254
652925
654432
654467
654470
654472
654799
654803
654820
65945
65960
65963
65964
65970
65972
65973
66011
66039
66043
66046
66047
66048
66049
66054
66056
66058
66059
66060
66061
66065
66066
66067
66070
66072
66074
66075
66079
66085
66086
66087
66089
66091
66096
66098
66108
66109
66111
66117
66119
66120
66129
66131
66132
66140
66141
66142
66146
66148
66152
66153
66154
66155
66161
66163
66166
66168
66169
66179
66180
66181
66184
66191
66192
66201
66205
66208
66212
66218
66220
66234
66235
66236
66237
66248
66249
66251
66254
66256
66257
66259
66260
66262
66270
66271
66272
66273
66277
66286
66292
66300
66302
66306
66307
66308
66315
66320
66329
66330
66335
66341
66343
66350
66355
66356
66357
66362
66364
66369
66371
66375
66379
66383
66384
66394
66395
66396
66397
66405
66406
66408
66412
66413
66420
66423
66427
66433
66435
66443
66445
66447
66448
66454
66455
66460
66462
66469
66471
66482
66483
664862
66494
664968
66498
664994
66500
66510
66511
665113
66514
66515
665155
665181
66521
66522
66523
66530
66536
66537
66540
665503
665574
66568
665685
66569
66573
66576
665783
665825
66588
66589
665892
66590
665928
66595
66606
666060
66612
66617
66622
66624
66626
66629
666295
66631
666351
66637
666390
66642
66645
66646
66648
666514
666532
66658
66661
66663
66664
666794
66680
66686
66687
66694
666945
66704
66705
66713
66717
667214
66725
667277
66729
66734
66748
66752
66756
66765
667705
66771
667742
66775
667792
66787
66790
66797
667977
66805
66813
668139
668173
66818
668212
66824
66827
668303
66834
66836
66841
668448
66847
66848
668489
66849
668501
668525
66853
66854
66855
66860
66861
66864
66867
66868
66869
66871
668745
66878
66884
66885
66889
668894
668896
66892
668923
668940
66897
66898
66904
66905
66910
66912
66914
66916
66917
66928
66929
66931
66935
66938
66940
66945
66948
66949
66953
66959
66961
66966
66967
66970
66972
66973
66975
66977
66980
66983
66993
67003
67005
67015
67016
67017
67019
670198
67020
67026
67035
67038
67039
67040
67041
67042
67044
67045
67046
67048
67053
67057
67064
67065
67068
67071
67072
67074
67075
67078
67087
67088
67091
67092
67095
67099
67101
67102
67103
67116
67118
67119
67120
67122
67123
67125
67126
67128
67131
67134
67136
67139
67141
67145
67148
67153
67155
67157
67160
67163
67166
67168
67169
67179
67180
67181
671878
67196
67198
67199
67203
67204
67210
67213
67223
67230
67231
67236
67239
67241
67247
67249
67252
67255
67260
67264
67266
67270
67273
67276
67279
67296
67298
67299
67300
67305
67306
67313
673151
67332
67338
67345
67369
67374
67378
67379
67384
67388
67389
67393
67397
67398
67399
67405
67414
67416
67418
67420
67422
67425
67426
67430
67432
67437
67439
67442
67444
67445
67448
67451
67452
67454
67456
67457
67458
67469
67472
67474
67475
67477
67487
67490
67495
67500
67510
67511
67525
67526
67533
67538
67542
67549
67552
67554
67556
67557
67573
67579
67586
67588
67603
67605
67608
67615
67622
67630
67647
67655
67661
67666
67673
67675
67689
67693
67694
67701
67702
67703
67705
67708
67711
67725
67726
67738
67739
67759
67771
67775
67781
67789
67792
67797
67800
67801
67803
67804
67808
67809
67811
67812
67815
67838
67839
67840
67841
67842
67845
67847
67855
67859
67860
67862
67863
67864
67867
67871
67874
67878
67880
67883
67884
67885
67890
67892
67893
67898
67903
67905
67914
67916
67921
67922
67933
67936
67937
67938
67941
67946
67956
67963
67966
67967
67971
67972
67976
67978
67980
67988
68001
68023
68028
68036
68038
68041
68045
68053
68059
68066
68070
68089
68090
68097
68098
68099
68106
68107
68108
68114
68117
68118
68133
68137
68140
68145
68146
68159
68166
68177
68178
68183
68187
68192
68195
68196
68197
68201
68205
68212
68239
68240
68241
68250
68255
68259
68262
68263
68276
68278
68283
68291
68292
68303
68304
68316
68318
68323
68328
68332
68337
68342
68386
68394
68395
68396
68423
68428
68440
68441
68449
68468
68473
68475
68480
68481
68487
68499
68514
68519
68523
68525
68526
68527
68545
68550
68552
68556
68558
68565
68585
68588
68591
68598
68603
68606
68607
68611
68617
68626
68631
68632
68636
68642
68646
68652
68653
68655
68667
68671
68682
68691
68703
68705
68708
68718
68728
68730
68731
68736
68737
68738
68743
68750
68755
68758
68760
68767
68774
68775
68777
68778
68795
68796
68797
68800
68801
68813
68832
68836
68846
68859
68861
68867
68875
68877
68888
68889
68891
68895
68920
68922
68929
68938
68942
68943
68944
68947
68949
68957
68961
68970
68977
68988
68991
68995
69008
69017
69020
69024
69029
69032
69038
69046
69047
69066
69068
69071
69077
69080
69085
69089
69094
69097
69106
69116
69121
69126
69129
69134
69137
69146
69151
69162
69170
69171
69179
69188
69190
69192
69221
69228
69232
69234
69237
69259
69274
69277
69288
69291
69305
69309
69310
69324
69398
69399
69441
69456
69479
69480
69499
69524
69534
69538
69539
69540
69544
69548
69550
69556
69562
69574
69581
69583
69590
69591
69597
69605
69608
69612
69627
69632
69634
69635
69638
69640
69641
69654
69655
69656
69660
69662
69693
69697
69698
69709
69710
69714
69718
69719
69727
69736
69737
69742
69745
69773
69780
69804
69806
69807
69815
69821
69823
69833
69837
69847
69863
69864
69875
69876
69878
69893
69895
69900
69903
69906
69908
69920
69922
69926
69942
69976
69981
69993
70005
70021
70025
70028
70045
70057
70083
70101
70113
70118
70123
70127
70129
70144
70152
70155
70160
70178
70223
70227
70231
70237
70239
70247
70257
70261
70285
70292
70296
70300
70310
70319
70333
70349
70350
70351
70354
70356
70358
70359
70361
70369
70370
70373
70375
70380
70383
70387
70396
70397
70405
70408
70415
70420
70423
70427
70428
70432
70433
70435
70439
70445
70450
70454
70456
70461
70494
70495
70497
70503
70508
70510
70536
70538
70544
70546
70549
70551
70556
70564
70567
70575
70599
70604
70615
70617
70625
70652
70661
70673
70676
70681
70693
70696
70701
70713
70726
70727
70729
70737
70750
70757
70779
70784
70796
70804
70808
70823
70827
70834
70846
70892
70897
70945
70951
70967
70974
70984
70998
71007
71063
71086
71106
71116
71131
71145
71147
71148
71169
71182
71206
71207
71228
71233
71240
71242
71296
71302
71306
71310
71361
71367
71371
71382
71389
71393
71395
71406
71409
71421
71435
71445
71458
71461
71472
71481
71492
71517
71521
71532
71538
71564
71566
71567
71583
71591
71592
71599
71601
71617
71637
71643
71653
71665
71667
71670
71675
71684
71687
71690
71699
71704
71710
71712
71715
71720
71724
71729
71732
71740
71743
71746
71750
71753
71755
71765
71766
71767
71769
71770
71775
71778
71779
71785
71790
71799
71804
71819
71832
71833
71834
71838
71839
71856
71870
71872
71874
71876
71877
71889
71890
71893
71898
71904
71908
71910
71914
71918
71919
71920
71927
71929
71932
71934
71939
71947
71949
71951
71954
71955
71957
71960
71962
71966
71968
71970
71974
71982
71983
71984
71986
71990
71997
71998
71999
72000
72012
72017
72022
72027
72029
72042
72043
72046
72049
72056
72057
72058
72061
72065
72068
72075
72080
72091
72093
72096
72097
72108
72113
72117
72121
72125
72128
72129
72135
72136
72141
72145
72154
72157
72169
72170
72179
72181
72195
72199
72201
72205
72230
72238
72265
72267
72281
72287
72289
72290
72293
72296
72297
72306
72308
72309
72313
72315
72320
72323
72333
72345
72349
72350
72355
72357
72361
723792
72386
72393
723960
72401
72404
72425
72433
72434
72454
72462
72477
72479
72481
72486
72503
72507
72518
72519
72522
72535
72543
72544
72560
72565
72567
72569
72578
72584
72590
72615
72621
72630
72634
72649
72657
72661
72667
72668
72669
72672
72690
72691
72699
72709
72722
72726
72727
72729
72747
72748
72749
72750
72754
72778
72792
72807
72823
72825
72831
72834
72844
72865
72895
72900
72930
72948
72962
72978
72981
72999
73061
73062
73067
73068
73072
73075
73095
73102
73112
73122
73124
73130
73132
73137
73158
73162
73167
73172
73174
73182
73192
73205
73212
73225
73229
73234
73246
73251
73287
73288
73293
73296
73327
73341
73349
73368
73379
73385
73390
73422
73430
73451
73598
73608
73610
73617
73635
73649
73658
73668
73673
73674
73680
73683
73692
73707
73710
73713
73721
73724
73732
73737
73804
73813
73822
73824
73825
73826
73828
73833
73834
73836
73847
73870
73873
73884
73895
73914
73916
73942
73991
73998
74007
74008
74012
74013
74015
74019
74022
74026
74030
74035
74039
74048
74051
74055
74090
74091
74096
74103
74104
74105
74106
74108
74114
74116
74117
74120
74122
74126
74127
74136
74137
74140
74142
74143
74144
74147
74148
74152
74153
74154
74158
74165
74167
74185
74186
74189
74190
74197
74198
74200
74201
74202
74203
74204
74206
74211
74229
74239
74241
74244
74245
74253
74255
74256
74268
74277
74287
74315
74316
74318
74322
74325
74349
74352
74355
74366
74374
74375
74386
74388
74393
74400
74407
74411
74412
74413
74414
74427
74430
74442
74443
74450
74451
74463
74467
74476
74477
74479
74480
74486
74488
74511
74521
74522
74533
74551
74552
74556
74559
74562
74563
74570
74577
74596
74610
74614
74637
74645
74646
74665
74670
74682
74684
74685
74694
74732
74741
74747
74754
74760
74761
74762
74763
74764
74766
74769
74770
74772
74775
74781
74782
74838
74840
74841
74843
74868
74895
74901
74919
74996
75019
75050
75062
75124
75146
75202
75209
75210
75212
75216
75219
75221
75234
75292
75296
75302
75316
75320
75339
75423
75424
75426
75430
75452
75454
75458
75472
75475
75516
75540
75541
75547
75564
75568
75572
75578
75580
75593
75599
75605
75607
75612
75616
75624
75646
75668
75678
75686
75687
75690
75691
75695
75712
75717
75723
75725
75729
75732
75735
75736
75739
75747
75758
75761
75782
75796
75812
75826
75869
75905
75909
75964
75965
75973
75974
75985
75991
76014
76041
76051
76055
76072
76080
76088
76089
76108
76113
76137
76157
76178
76187
76229
76233
76238
76246
76251
76252
76257
76260
76261
76267
76273
76281
76299
76303
76308
76373
76380
76408
76411
76422
76429
76438
76441
76448
76457
76482
76483
76485
76486
76491
76498
76500
76501
76508
76522
76527
76551
76559
76560
76577
76580
76589
76594
76608
76614
76615
76626
76630
76642
76687
76763
76779
76788
76795
76800
76809
76816
76820
76863
76867
76877
76884
76889
76892
76895
76901
76905
76915
76927
76932
76943
76952
76954
76967
76969
76972
76974
76983
77006
77011
77018
77038
77048
77053
77057
77059
77087
77090
77097
77113
77116
77117
77125
77134
77219
77254
77305
77371
77411
77422
77446
77480
77532
77559
77569
77573
77577
77578
77579
77582
77583
77591
77596
77604
77605
77622
77644
77669
77733
77772
77777
77781
77782
77805
77809
77832
77855
77864
77866
77914
77940
77963
77974
77975
77976
77987
77996
78004
78070
78076
78088
78100
78102
78232
78245
78246
78248
78249
78251
78255
78267
78283
78284
78286
78308
78309
78317
78323
78329
78330
78334
78339
78354
78373
78390
78408
78455
78506
78514
78521
78523
78558
78618
78651
78655
78656
78658
78670
78688
78725
78748
78749
78751
78752
78754
78755
78772
78781
78783
78785
78787
78795
78797
78825
78830
78832
78878
78885
78887
78889
78891
78892
78893
78894
78906
78908
78920
78926
78934
78935
78943
79059
790911
791088
791370
791396
791407
79196
79263
79362
79459
79464
79554
79555
79566
80280
80284
80285
80286
80287
80288
80289
80290
80718
80720
80721
80743
80748
80750
80752
80797
80837
80860
80876
80877
80879
80880
80883
80885
80886
80889
80890
80892
80898
80902
80904
80907
80909
80911
80912
80914
80976
80981
80982
81004
81018
81489
81500
81535
81701
81702
81703
81840
81877
81879
81896
81909
81910
83383
83396
83408
83429
83431
83435
83436
83453
83485
83492
83493
83602
83671
83673
83675
83679
83701
83704
83767
83768
83813
83924
83925
83961
83997
84004
84094
84095
84506
84652
85031
89867
93671
93672
93673
93674
93679
93681
93684
93685
93692
93696
93697
93699
93700
93701
93702
93703
93704
93706
93707
93709
93712
93713
93714
93715
93717
93722
93723
93732
93737
93747
93759
93834
93836
93837
93838
93841
93842
93843
93876
93878
93889
93892
93893
93897
93961
94040
94044
94045
94063
94065
94067
94089
94092
94093
94094
94109
94176
94180
94181
94184
94185
94186
94190
94191
94192
94212
94216
94220
94242
94249
94275
94279
94280
94315
94332
94346
94353
96935
96957
96979
97031
97159
97165
97212
97476
97541
97761
97820
97863
98238
98258
98366
98376
98396
98402
98415
98488
98660
98682
98732
98733
98736
98766
98878
98910
98932
98999
99003
99010
99035
99045
99100
99138
99152
99311
99326
99371
99382
99412
99439
99526
99571
99650
99681
99683
99887
